0 0 0 
2.89822e-10 2.89822e-10 0 
2.89822e-10 0 2.89822e-10 
0 2.89822e-10 2.89822e-10 
5.79643e-10 0 0 
8.69465e-10 2.89822e-10 0 
8.69465e-10 0 2.89822e-10 
5.79643e-10 2.89822e-10 2.89822e-10 
1.15929e-09 0 0 
1.44911e-09 2.89822e-10 0 
1.44911e-09 0 2.89822e-10 
1.15929e-09 2.89822e-10 2.89822e-10 
1.73893e-09 0 0 
2.02875e-09 2.89822e-10 0 
2.02875e-09 0 2.89822e-10 
1.73893e-09 2.89822e-10 2.89822e-10 
2.31857e-09 0 0 
2.60839e-09 2.89822e-10 0 
2.60839e-09 0 2.89822e-10 
2.31857e-09 2.89822e-10 2.89822e-10 
2.89822e-09 0 0 
3.18804e-09 2.89822e-10 0 
3.18804e-09 0 2.89822e-10 
2.89822e-09 2.89822e-10 2.89822e-10 
0 5.79643e-10 0 
2.89822e-10 8.69465e-10 0 
2.89822e-10 5.79643e-10 2.89822e-10 
0 8.69465e-10 2.89822e-10 
5.79643e-10 5.79643e-10 0 
8.69465e-10 8.69465e-10 0 
8.69465e-10 5.79643e-10 2.89822e-10 
5.79643e-10 8.69465e-10 2.89822e-10 
1.15929e-09 5.79643e-10 0 
1.44911e-09 8.69465e-10 0 
1.44911e-09 5.79643e-10 2.89822e-10 
1.15929e-09 8.69465e-10 2.89822e-10 
1.73893e-09 5.79643e-10 0 
2.02875e-09 8.69465e-10 0 
2.02875e-09 5.79643e-10 2.89822e-10 
1.73893e-09 8.69465e-10 2.89822e-10 
2.31857e-09 5.79643e-10 0 
2.60839e-09 8.69465e-10 0 
2.60839e-09 5.79643e-10 2.89822e-10 
2.31857e-09 8.69465e-10 2.89822e-10 
2.89822e-09 5.79643e-10 0 
3.18804e-09 8.69465e-10 0 
3.18804e-09 5.79643e-10 2.89822e-10 
2.89822e-09 8.69465e-10 2.89822e-10 
0 1.15929e-09 0 
2.89822e-10 1.44911e-09 0 
2.89822e-10 1.15929e-09 2.89822e-10 
0 1.44911e-09 2.89822e-10 
5.79643e-10 1.15929e-09 0 
8.69465e-10 1.44911e-09 0 
8.69465e-10 1.15929e-09 2.89822e-10 
5.79643e-10 1.44911e-09 2.89822e-10 
1.15929e-09 1.15929e-09 0 
1.44911e-09 1.44911e-09 0 
1.44911e-09 1.15929e-09 2.89822e-10 
1.15929e-09 1.44911e-09 2.89822e-10 
1.73893e-09 1.15929e-09 0 
2.02875e-09 1.44911e-09 0 
2.02875e-09 1.15929e-09 2.89822e-10 
1.73893e-09 1.44911e-09 2.89822e-10 
2.31857e-09 1.15929e-09 0 
2.60839e-09 1.44911e-09 0 
2.60839e-09 1.15929e-09 2.89822e-10 
2.31857e-09 1.44911e-09 2.89822e-10 
2.89822e-09 1.15929e-09 0 
3.18804e-09 1.44911e-09 0 
3.18804e-09 1.15929e-09 2.89822e-10 
2.89822e-09 1.44911e-09 2.89822e-10 
0 1.73893e-09 0 
2.89822e-10 2.02875e-09 0 
2.89822e-10 1.73893e-09 2.89822e-10 
0 2.02875e-09 2.89822e-10 
5.79643e-10 1.73893e-09 0 
8.69465e-10 2.02875e-09 0 
8.69465e-10 1.73893e-09 2.89822e-10 
5.79643e-10 2.02875e-09 2.89822e-10 
1.15929e-09 1.73893e-09 0 
1.44911e-09 2.02875e-09 0 
1.44911e-09 1.73893e-09 2.89822e-10 
1.15929e-09 2.02875e-09 2.89822e-10 
1.73893e-09 1.73893e-09 0 
2.02875e-09 2.02875e-09 0 
2.02875e-09 1.73893e-09 2.89822e-10 
1.73893e-09 2.02875e-09 2.89822e-10 
2.31857e-09 1.73893e-09 0 
2.60839e-09 2.02875e-09 0 
2.60839e-09 1.73893e-09 2.89822e-10 
2.31857e-09 2.02875e-09 2.89822e-10 
2.89822e-09 1.73893e-09 0 
3.18804e-09 2.02875e-09 0 
3.18804e-09 1.73893e-09 2.89822e-10 
2.89822e-09 2.02875e-09 2.89822e-10 
0 2.31857e-09 0 
2.89822e-10 2.60839e-09 0 
2.89822e-10 2.31857e-09 2.89822e-10 
0 2.60839e-09 2.89822e-10 
5.79643e-10 2.31857e-09 0 
8.69465e-10 2.60839e-09 0 
8.69465e-10 2.31857e-09 2.89822e-10 
5.79643e-10 2.60839e-09 2.89822e-10 
1.15929e-09 2.31857e-09 0 
1.44911e-09 2.60839e-09 0 
1.44911e-09 2.31857e-09 2.89822e-10 
1.15929e-09 2.60839e-09 2.89822e-10 
1.73893e-09 2.31857e-09 0 
2.02875e-09 2.60839e-09 0 
2.02875e-09 2.31857e-09 2.89822e-10 
1.73893e-09 2.60839e-09 2.89822e-10 
2.31857e-09 2.31857e-09 0 
2.60839e-09 2.60839e-09 0 
2.60839e-09 2.31857e-09 2.89822e-10 
2.31857e-09 2.60839e-09 2.89822e-10 
2.89822e-09 2.31857e-09 0 
3.18804e-09 2.60839e-09 0 
3.18804e-09 2.31857e-09 2.89822e-10 
2.89822e-09 2.60839e-09 2.89822e-10 
0 2.89822e-09 0 
2.89822e-10 3.18804e-09 0 
2.89822e-10 2.89822e-09 2.89822e-10 
0 3.18804e-09 2.89822e-10 
5.79643e-10 2.89822e-09 0 
8.69465e-10 3.18804e-09 0 
8.69465e-10 2.89822e-09 2.89822e-10 
5.79643e-10 3.18804e-09 2.89822e-10 
1.15929e-09 2.89822e-09 0 
1.44911e-09 3.18804e-09 0 
1.44911e-09 2.89822e-09 2.89822e-10 
1.15929e-09 3.18804e-09 2.89822e-10 
1.73893e-09 2.89822e-09 0 
2.02875e-09 3.18804e-09 0 
2.02875e-09 2.89822e-09 2.89822e-10 
1.73893e-09 3.18804e-09 2.89822e-10 
2.31857e-09 2.89822e-09 0 
2.60839e-09 3.18804e-09 0 
2.60839e-09 2.89822e-09 2.89822e-10 
2.31857e-09 3.18804e-09 2.89822e-10 
2.89822e-09 2.89822e-09 0 
3.18804e-09 3.18804e-09 0 
3.18804e-09 2.89822e-09 2.89822e-10 
2.89822e-09 3.18804e-09 2.89822e-10 
0 0 5.79643e-10 
2.89822e-10 2.89822e-10 5.79643e-10 
2.89822e-10 0 8.69465e-10 
0 2.89822e-10 8.69465e-10 
5.79643e-10 0 5.79643e-10 
8.69465e-10 2.89822e-10 5.79643e-10 
8.69465e-10 0 8.69465e-10 
5.79643e-10 2.89822e-10 8.69465e-10 
1.15929e-09 0 5.79643e-10 
1.44911e-09 2.89822e-10 5.79643e-10 
1.44911e-09 0 8.69465e-10 
1.15929e-09 2.89822e-10 8.69465e-10 
1.73893e-09 0 5.79643e-10 
2.02875e-09 2.89822e-10 5.79643e-10 
2.02875e-09 0 8.69465e-10 
1.73893e-09 2.89822e-10 8.69465e-10 
2.31857e-09 0 5.79643e-10 
2.60839e-09 2.89822e-10 5.79643e-10 
2.60839e-09 0 8.69465e-10 
2.31857e-09 2.89822e-10 8.69465e-10 
2.89822e-09 0 5.79643e-10 
3.18804e-09 2.89822e-10 5.79643e-10 
3.18804e-09 0 8.69465e-10 
2.89822e-09 2.89822e-10 8.69465e-10 
0 5.79643e-10 5.79643e-10 
2.89822e-10 8.69465e-10 5.79643e-10 
2.89822e-10 5.79643e-10 8.69465e-10 
0 8.69465e-10 8.69465e-10 
5.79643e-10 5.79643e-10 5.79643e-10 
8.69465e-10 8.69465e-10 5.79643e-10 
8.69465e-10 5.79643e-10 8.69465e-10 
5.79643e-10 8.69465e-10 8.69465e-10 
1.15929e-09 5.79643e-10 5.79643e-10 
1.44911e-09 8.69465e-10 5.79643e-10 
1.44911e-09 5.79643e-10 8.69465e-10 
1.15929e-09 8.69465e-10 8.69465e-10 
1.73893e-09 5.79643e-10 5.79643e-10 
2.02875e-09 8.69465e-10 5.79643e-10 
2.02875e-09 5.79643e-10 8.69465e-10 
1.73893e-09 8.69465e-10 8.69465e-10 
2.31857e-09 5.79643e-10 5.79643e-10 
2.60839e-09 8.69465e-10 5.79643e-10 
2.60839e-09 5.79643e-10 8.69465e-10 
2.31857e-09 8.69465e-10 8.69465e-10 
2.89822e-09 5.79643e-10 5.79643e-10 
3.18804e-09 8.69465e-10 5.79643e-10 
3.18804e-09 5.79643e-10 8.69465e-10 
2.89822e-09 8.69465e-10 8.69465e-10 
0 1.15929e-09 5.79643e-10 
2.89822e-10 1.44911e-09 5.79643e-10 
2.89822e-10 1.15929e-09 8.69465e-10 
0 1.44911e-09 8.69465e-10 
5.79643e-10 1.15929e-09 5.79643e-10 
8.69465e-10 1.44911e-09 5.79643e-10 
8.69465e-10 1.15929e-09 8.69465e-10 
5.79643e-10 1.44911e-09 8.69465e-10 
1.15929e-09 1.15929e-09 5.79643e-10 
1.44911e-09 1.44911e-09 5.79643e-10 
1.44911e-09 1.15929e-09 8.69465e-10 
1.15929e-09 1.44911e-09 8.69465e-10 
1.73893e-09 1.15929e-09 5.79643e-10 
2.02875e-09 1.44911e-09 5.79643e-10 
2.02875e-09 1.15929e-09 8.69465e-10 
1.73893e-09 1.44911e-09 8.69465e-10 
2.31857e-09 1.15929e-09 5.79643e-10 
2.60839e-09 1.44911e-09 5.79643e-10 
2.60839e-09 1.15929e-09 8.69465e-10 
2.31857e-09 1.44911e-09 8.69465e-10 
2.89822e-09 1.15929e-09 5.79643e-10 
3.18804e-09 1.44911e-09 5.79643e-10 
3.18804e-09 1.15929e-09 8.69465e-10 
2.89822e-09 1.44911e-09 8.69465e-10 
0 1.73893e-09 5.79643e-10 
2.89822e-10 2.02875e-09 5.79643e-10 
2.89822e-10 1.73893e-09 8.69465e-10 
0 2.02875e-09 8.69465e-10 
5.79643e-10 1.73893e-09 5.79643e-10 
8.69465e-10 2.02875e-09 5.79643e-10 
8.69465e-10 1.73893e-09 8.69465e-10 
5.79643e-10 2.02875e-09 8.69465e-10 
1.15929e-09 1.73893e-09 5.79643e-10 
1.44911e-09 2.02875e-09 5.79643e-10 
1.44911e-09 1.73893e-09 8.69465e-10 
1.15929e-09 2.02875e-09 8.69465e-10 
1.73893e-09 1.73893e-09 5.79643e-10 
2.02875e-09 2.02875e-09 5.79643e-10 
2.02875e-09 1.73893e-09 8.69465e-10 
1.73893e-09 2.02875e-09 8.69465e-10 
2.31857e-09 1.73893e-09 5.79643e-10 
2.60839e-09 2.02875e-09 5.79643e-10 
2.60839e-09 1.73893e-09 8.69465e-10 
2.31857e-09 2.02875e-09 8.69465e-10 
2.89822e-09 1.73893e-09 5.79643e-10 
3.18804e-09 2.02875e-09 5.79643e-10 
3.18804e-09 1.73893e-09 8.69465e-10 
2.89822e-09 2.02875e-09 8.69465e-10 
0 2.31857e-09 5.79643e-10 
2.89822e-10 2.60839e-09 5.79643e-10 
2.89822e-10 2.31857e-09 8.69465e-10 
0 2.60839e-09 8.69465e-10 
5.79643e-10 2.31857e-09 5.79643e-10 
8.69465e-10 2.60839e-09 5.79643e-10 
8.69465e-10 2.31857e-09 8.69465e-10 
5.79643e-10 2.60839e-09 8.69465e-10 
1.15929e-09 2.31857e-09 5.79643e-10 
1.44911e-09 2.60839e-09 5.79643e-10 
1.44911e-09 2.31857e-09 8.69465e-10 
1.15929e-09 2.60839e-09 8.69465e-10 
1.73893e-09 2.31857e-09 5.79643e-10 
2.02875e-09 2.60839e-09 5.79643e-10 
2.02875e-09 2.31857e-09 8.69465e-10 
1.73893e-09 2.60839e-09 8.69465e-10 
2.31857e-09 2.31857e-09 5.79643e-10 
2.60839e-09 2.60839e-09 5.79643e-10 
2.60839e-09 2.31857e-09 8.69465e-10 
2.31857e-09 2.60839e-09 8.69465e-10 
2.89822e-09 2.31857e-09 5.79643e-10 
3.18804e-09 2.60839e-09 5.79643e-10 
3.18804e-09 2.31857e-09 8.69465e-10 
2.89822e-09 2.60839e-09 8.69465e-10 
0 2.89822e-09 5.79643e-10 
2.89822e-10 3.18804e-09 5.79643e-10 
2.89822e-10 2.89822e-09 8.69465e-10 
0 3.18804e-09 8.69465e-10 
5.79643e-10 2.89822e-09 5.79643e-10 
8.69465e-10 3.18804e-09 5.79643e-10 
8.69465e-10 2.89822e-09 8.69465e-10 
5.79643e-10 3.18804e-09 8.69465e-10 
1.15929e-09 2.89822e-09 5.79643e-10 
1.44911e-09 3.18804e-09 5.79643e-10 
1.44911e-09 2.89822e-09 8.69465e-10 
1.15929e-09 3.18804e-09 8.69465e-10 
1.73893e-09 2.89822e-09 5.79643e-10 
2.02875e-09 3.18804e-09 5.79643e-10 
2.02875e-09 2.89822e-09 8.69465e-10 
1.73893e-09 3.18804e-09 8.69465e-10 
2.31857e-09 2.89822e-09 5.79643e-10 
2.60839e-09 3.18804e-09 5.79643e-10 
2.60839e-09 2.89822e-09 8.69465e-10 
2.31857e-09 3.18804e-09 8.69465e-10 
2.89822e-09 2.89822e-09 5.79643e-10 
3.18804e-09 3.18804e-09 5.79643e-10 
3.18804e-09 2.89822e-09 8.69465e-10 
2.89822e-09 3.18804e-09 8.69465e-10 
0 0 1.15929e-09 
2.89822e-10 2.89822e-10 1.15929e-09 
2.89822e-10 0 1.44911e-09 
0 2.89822e-10 1.44911e-09 
5.79643e-10 0 1.15929e-09 
8.69465e-10 2.89822e-10 1.15929e-09 
8.69465e-10 0 1.44911e-09 
5.79643e-10 2.89822e-10 1.44911e-09 
1.15929e-09 0 1.15929e-09 
1.44911e-09 2.89822e-10 1.15929e-09 
1.44911e-09 0 1.44911e-09 
1.15929e-09 2.89822e-10 1.44911e-09 
1.73893e-09 0 1.15929e-09 
2.02875e-09 2.89822e-10 1.15929e-09 
2.02875e-09 0 1.44911e-09 
1.73893e-09 2.89822e-10 1.44911e-09 
2.31857e-09 0 1.15929e-09 
2.60839e-09 2.89822e-10 1.15929e-09 
2.60839e-09 0 1.44911e-09 
2.31857e-09 2.89822e-10 1.44911e-09 
2.89822e-09 0 1.15929e-09 
3.18804e-09 2.89822e-10 1.15929e-09 
3.18804e-09 0 1.44911e-09 
2.89822e-09 2.89822e-10 1.44911e-09 
0 5.79643e-10 1.15929e-09 
2.89822e-10 8.69465e-10 1.15929e-09 
2.89822e-10 5.79643e-10 1.44911e-09 
0 8.69465e-10 1.44911e-09 
5.79643e-10 5.79643e-10 1.15929e-09 
8.69465e-10 8.69465e-10 1.15929e-09 
8.69465e-10 5.79643e-10 1.44911e-09 
5.79643e-10 8.69465e-10 1.44911e-09 
1.15929e-09 5.79643e-10 1.15929e-09 
1.44911e-09 8.69465e-10 1.15929e-09 
1.44911e-09 5.79643e-10 1.44911e-09 
1.15929e-09 8.69465e-10 1.44911e-09 
1.73893e-09 5.79643e-10 1.15929e-09 
2.02875e-09 8.69465e-10 1.15929e-09 
2.02875e-09 5.79643e-10 1.44911e-09 
1.73893e-09 8.69465e-10 1.44911e-09 
2.31857e-09 5.79643e-10 1.15929e-09 
2.60839e-09 8.69465e-10 1.15929e-09 
2.60839e-09 5.79643e-10 1.44911e-09 
2.31857e-09 8.69465e-10 1.44911e-09 
2.89822e-09 5.79643e-10 1.15929e-09 
3.18804e-09 8.69465e-10 1.15929e-09 
3.18804e-09 5.79643e-10 1.44911e-09 
2.89822e-09 8.69465e-10 1.44911e-09 
0 1.15929e-09 1.15929e-09 
2.89822e-10 1.44911e-09 1.15929e-09 
2.89822e-10 1.15929e-09 1.44911e-09 
0 1.44911e-09 1.44911e-09 
5.79643e-10 1.15929e-09 1.15929e-09 
8.69465e-10 1.44911e-09 1.15929e-09 
8.69465e-10 1.15929e-09 1.44911e-09 
5.79643e-10 1.44911e-09 1.44911e-09 
1.15929e-09 1.15929e-09 1.15929e-09 
1.44911e-09 1.44911e-09 1.15929e-09 
1.44911e-09 1.15929e-09 1.44911e-09 
1.15929e-09 1.44911e-09 1.44911e-09 
1.73893e-09 1.15929e-09 1.15929e-09 
2.02875e-09 1.44911e-09 1.15929e-09 
2.02875e-09 1.15929e-09 1.44911e-09 
1.73893e-09 1.44911e-09 1.44911e-09 
2.31857e-09 1.15929e-09 1.15929e-09 
2.60839e-09 1.44911e-09 1.15929e-09 
2.60839e-09 1.15929e-09 1.44911e-09 
2.31857e-09 1.44911e-09 1.44911e-09 
2.89822e-09 1.15929e-09 1.15929e-09 
3.18804e-09 1.44911e-09 1.15929e-09 
3.18804e-09 1.15929e-09 1.44911e-09 
2.89822e-09 1.44911e-09 1.44911e-09 
0 1.73893e-09 1.15929e-09 
2.89822e-10 2.02875e-09 1.15929e-09 
2.89822e-10 1.73893e-09 1.44911e-09 
0 2.02875e-09 1.44911e-09 
5.79643e-10 1.73893e-09 1.15929e-09 
8.69465e-10 2.02875e-09 1.15929e-09 
8.69465e-10 1.73893e-09 1.44911e-09 
5.79643e-10 2.02875e-09 1.44911e-09 
1.15929e-09 1.73893e-09 1.15929e-09 
1.44911e-09 2.02875e-09 1.15929e-09 
1.44911e-09 1.73893e-09 1.44911e-09 
1.15929e-09 2.02875e-09 1.44911e-09 
1.73893e-09 1.73893e-09 1.15929e-09 
2.02875e-09 2.02875e-09 1.15929e-09 
2.02875e-09 1.73893e-09 1.44911e-09 
1.73893e-09 2.02875e-09 1.44911e-09 
2.31857e-09 1.73893e-09 1.15929e-09 
2.60839e-09 2.02875e-09 1.15929e-09 
2.60839e-09 1.73893e-09 1.44911e-09 
2.31857e-09 2.02875e-09 1.44911e-09 
2.89822e-09 1.73893e-09 1.15929e-09 
3.18804e-09 2.02875e-09 1.15929e-09 
3.18804e-09 1.73893e-09 1.44911e-09 
2.89822e-09 2.02875e-09 1.44911e-09 
0 2.31857e-09 1.15929e-09 
2.89822e-10 2.60839e-09 1.15929e-09 
2.89822e-10 2.31857e-09 1.44911e-09 
0 2.60839e-09 1.44911e-09 
5.79643e-10 2.31857e-09 1.15929e-09 
8.69465e-10 2.60839e-09 1.15929e-09 
8.69465e-10 2.31857e-09 1.44911e-09 
5.79643e-10 2.60839e-09 1.44911e-09 
1.15929e-09 2.31857e-09 1.15929e-09 
1.44911e-09 2.60839e-09 1.15929e-09 
1.44911e-09 2.31857e-09 1.44911e-09 
1.15929e-09 2.60839e-09 1.44911e-09 
1.73893e-09 2.31857e-09 1.15929e-09 
2.02875e-09 2.60839e-09 1.15929e-09 
2.02875e-09 2.31857e-09 1.44911e-09 
1.73893e-09 2.60839e-09 1.44911e-09 
2.31857e-09 2.31857e-09 1.15929e-09 
2.60839e-09 2.60839e-09 1.15929e-09 
2.60839e-09 2.31857e-09 1.44911e-09 
2.31857e-09 2.60839e-09 1.44911e-09 
2.89822e-09 2.31857e-09 1.15929e-09 
3.18804e-09 2.60839e-09 1.15929e-09 
3.18804e-09 2.31857e-09 1.44911e-09 
2.89822e-09 2.60839e-09 1.44911e-09 
0 2.89822e-09 1.15929e-09 
2.89822e-10 3.18804e-09 1.15929e-09 
2.89822e-10 2.89822e-09 1.44911e-09 
0 3.18804e-09 1.44911e-09 
5.79643e-10 2.89822e-09 1.15929e-09 
8.69465e-10 3.18804e-09 1.15929e-09 
8.69465e-10 2.89822e-09 1.44911e-09 
5.79643e-10 3.18804e-09 1.44911e-09 
1.15929e-09 2.89822e-09 1.15929e-09 
1.44911e-09 3.18804e-09 1.15929e-09 
1.44911e-09 2.89822e-09 1.44911e-09 
1.15929e-09 3.18804e-09 1.44911e-09 
1.73893e-09 2.89822e-09 1.15929e-09 
2.02875e-09 3.18804e-09 1.15929e-09 
2.02875e-09 2.89822e-09 1.44911e-09 
1.73893e-09 3.18804e-09 1.44911e-09 
2.31857e-09 2.89822e-09 1.15929e-09 
2.60839e-09 3.18804e-09 1.15929e-09 
2.60839e-09 2.89822e-09 1.44911e-09 
2.31857e-09 3.18804e-09 1.44911e-09 
2.89822e-09 2.89822e-09 1.15929e-09 
3.18804e-09 3.18804e-09 1.15929e-09 
3.18804e-09 2.89822e-09 1.44911e-09 
2.89822e-09 3.18804e-09 1.44911e-09 
0 0 1.73893e-09 
2.89822e-10 2.89822e-10 1.73893e-09 
2.89822e-10 0 2.02875e-09 
0 2.89822e-10 2.02875e-09 
5.79643e-10 0 1.73893e-09 
8.69465e-10 2.89822e-10 1.73893e-09 
8.69465e-10 0 2.02875e-09 
5.79643e-10 2.89822e-10 2.02875e-09 
1.15929e-09 0 1.73893e-09 
1.44911e-09 2.89822e-10 1.73893e-09 
1.44911e-09 0 2.02875e-09 
1.15929e-09 2.89822e-10 2.02875e-09 
1.73893e-09 0 1.73893e-09 
2.02875e-09 2.89822e-10 1.73893e-09 
2.02875e-09 0 2.02875e-09 
1.73893e-09 2.89822e-10 2.02875e-09 
2.31857e-09 0 1.73893e-09 
2.60839e-09 2.89822e-10 1.73893e-09 
2.60839e-09 0 2.02875e-09 
2.31857e-09 2.89822e-10 2.02875e-09 
2.89822e-09 0 1.73893e-09 
3.18804e-09 2.89822e-10 1.73893e-09 
3.18804e-09 0 2.02875e-09 
2.89822e-09 2.89822e-10 2.02875e-09 
0 5.79643e-10 1.73893e-09 
2.89822e-10 8.69465e-10 1.73893e-09 
2.89822e-10 5.79643e-10 2.02875e-09 
0 8.69465e-10 2.02875e-09 
5.79643e-10 5.79643e-10 1.73893e-09 
8.69465e-10 8.69465e-10 1.73893e-09 
8.69465e-10 5.79643e-10 2.02875e-09 
5.79643e-10 8.69465e-10 2.02875e-09 
1.15929e-09 5.79643e-10 1.73893e-09 
1.44911e-09 8.69465e-10 1.73893e-09 
1.44911e-09 5.79643e-10 2.02875e-09 
1.15929e-09 8.69465e-10 2.02875e-09 
1.73893e-09 5.79643e-10 1.73893e-09 
2.02875e-09 8.69465e-10 1.73893e-09 
2.02875e-09 5.79643e-10 2.02875e-09 
1.73893e-09 8.69465e-10 2.02875e-09 
2.31857e-09 5.79643e-10 1.73893e-09 
2.60839e-09 8.69465e-10 1.73893e-09 
2.60839e-09 5.79643e-10 2.02875e-09 
2.31857e-09 8.69465e-10 2.02875e-09 
2.89822e-09 5.79643e-10 1.73893e-09 
3.18804e-09 8.69465e-10 1.73893e-09 
3.18804e-09 5.79643e-10 2.02875e-09 
2.89822e-09 8.69465e-10 2.02875e-09 
0 1.15929e-09 1.73893e-09 
2.89822e-10 1.44911e-09 1.73893e-09 
2.89822e-10 1.15929e-09 2.02875e-09 
0 1.44911e-09 2.02875e-09 
5.79643e-10 1.15929e-09 1.73893e-09 
8.69465e-10 1.44911e-09 1.73893e-09 
8.69465e-10 1.15929e-09 2.02875e-09 
5.79643e-10 1.44911e-09 2.02875e-09 
1.15929e-09 1.15929e-09 1.73893e-09 
1.44911e-09 1.44911e-09 1.73893e-09 
1.44911e-09 1.15929e-09 2.02875e-09 
1.15929e-09 1.44911e-09 2.02875e-09 
1.73893e-09 1.15929e-09 1.73893e-09 
2.02875e-09 1.44911e-09 1.73893e-09 
2.02875e-09 1.15929e-09 2.02875e-09 
1.73893e-09 1.44911e-09 2.02875e-09 
2.31857e-09 1.15929e-09 1.73893e-09 
2.60839e-09 1.44911e-09 1.73893e-09 
2.60839e-09 1.15929e-09 2.02875e-09 
2.31857e-09 1.44911e-09 2.02875e-09 
2.89822e-09 1.15929e-09 1.73893e-09 
3.18804e-09 1.44911e-09 1.73893e-09 
3.18804e-09 1.15929e-09 2.02875e-09 
2.89822e-09 1.44911e-09 2.02875e-09 
0 1.73893e-09 1.73893e-09 
2.89822e-10 2.02875e-09 1.73893e-09 
2.89822e-10 1.73893e-09 2.02875e-09 
0 2.02875e-09 2.02875e-09 
5.79643e-10 1.73893e-09 1.73893e-09 
8.69465e-10 2.02875e-09 1.73893e-09 
8.69465e-10 1.73893e-09 2.02875e-09 
5.79643e-10 2.02875e-09 2.02875e-09 
1.15929e-09 1.73893e-09 1.73893e-09 
1.44911e-09 2.02875e-09 1.73893e-09 
1.44911e-09 1.73893e-09 2.02875e-09 
1.15929e-09 2.02875e-09 2.02875e-09 
1.73893e-09 1.73893e-09 1.73893e-09 
2.02875e-09 2.02875e-09 1.73893e-09 
2.02875e-09 1.73893e-09 2.02875e-09 
1.73893e-09 2.02875e-09 2.02875e-09 
2.31857e-09 1.73893e-09 1.73893e-09 
2.60839e-09 2.02875e-09 1.73893e-09 
2.60839e-09 1.73893e-09 2.02875e-09 
2.31857e-09 2.02875e-09 2.02875e-09 
2.89822e-09 1.73893e-09 1.73893e-09 
3.18804e-09 2.02875e-09 1.73893e-09 
3.18804e-09 1.73893e-09 2.02875e-09 
2.89822e-09 2.02875e-09 2.02875e-09 
0 2.31857e-09 1.73893e-09 
2.89822e-10 2.60839e-09 1.73893e-09 
2.89822e-10 2.31857e-09 2.02875e-09 
0 2.60839e-09 2.02875e-09 
5.79643e-10 2.31857e-09 1.73893e-09 
8.69465e-10 2.60839e-09 1.73893e-09 
8.69465e-10 2.31857e-09 2.02875e-09 
5.79643e-10 2.60839e-09 2.02875e-09 
1.15929e-09 2.31857e-09 1.73893e-09 
1.44911e-09 2.60839e-09 1.73893e-09 
1.44911e-09 2.31857e-09 2.02875e-09 
1.15929e-09 2.60839e-09 2.02875e-09 
1.73893e-09 2.31857e-09 1.73893e-09 
2.02875e-09 2.60839e-09 1.73893e-09 
2.02875e-09 2.31857e-09 2.02875e-09 
1.73893e-09 2.60839e-09 2.02875e-09 
2.31857e-09 2.31857e-09 1.73893e-09 
2.60839e-09 2.60839e-09 1.73893e-09 
2.60839e-09 2.31857e-09 2.02875e-09 
2.31857e-09 2.60839e-09 2.02875e-09 
2.89822e-09 2.31857e-09 1.73893e-09 
3.18804e-09 2.60839e-09 1.73893e-09 
3.18804e-09 2.31857e-09 2.02875e-09 
2.89822e-09 2.60839e-09 2.02875e-09 
0 2.89822e-09 1.73893e-09 
2.89822e-10 3.18804e-09 1.73893e-09 
2.89822e-10 2.89822e-09 2.02875e-09 
0 3.18804e-09 2.02875e-09 
5.79643e-10 2.89822e-09 1.73893e-09 
8.69465e-10 3.18804e-09 1.73893e-09 
8.69465e-10 2.89822e-09 2.02875e-09 
5.79643e-10 3.18804e-09 2.02875e-09 
1.15929e-09 2.89822e-09 1.73893e-09 
1.44911e-09 3.18804e-09 1.73893e-09 
1.44911e-09 2.89822e-09 2.02875e-09 
1.15929e-09 3.18804e-09 2.02875e-09 
1.73893e-09 2.89822e-09 1.73893e-09 
2.02875e-09 3.18804e-09 1.73893e-09 
2.02875e-09 2.89822e-09 2.02875e-09 
1.73893e-09 3.18804e-09 2.02875e-09 
2.31857e-09 2.89822e-09 1.73893e-09 
2.60839e-09 3.18804e-09 1.73893e-09 
2.60839e-09 2.89822e-09 2.02875e-09 
2.31857e-09 3.18804e-09 2.02875e-09 
2.89822e-09 2.89822e-09 1.73893e-09 
3.18804e-09 3.18804e-09 1.73893e-09 
3.18804e-09 2.89822e-09 2.02875e-09 
2.89822e-09 3.18804e-09 2.02875e-09 
0 0 2.31857e-09 
2.89822e-10 2.89822e-10 2.31857e-09 
2.89822e-10 0 2.60839e-09 
0 2.89822e-10 2.60839e-09 
5.79643e-10 0 2.31857e-09 
8.69465e-10 2.89822e-10 2.31857e-09 
8.69465e-10 0 2.60839e-09 
5.79643e-10 2.89822e-10 2.60839e-09 
1.15929e-09 0 2.31857e-09 
1.44911e-09 2.89822e-10 2.31857e-09 
1.44911e-09 0 2.60839e-09 
1.15929e-09 2.89822e-10 2.60839e-09 
1.73893e-09 0 2.31857e-09 
2.02875e-09 2.89822e-10 2.31857e-09 
2.02875e-09 0 2.60839e-09 
1.73893e-09 2.89822e-10 2.60839e-09 
2.31857e-09 0 2.31857e-09 
2.60839e-09 2.89822e-10 2.31857e-09 
2.60839e-09 0 2.60839e-09 
2.31857e-09 2.89822e-10 2.60839e-09 
2.89822e-09 0 2.31857e-09 
3.18804e-09 2.89822e-10 2.31857e-09 
3.18804e-09 0 2.60839e-09 
2.89822e-09 2.89822e-10 2.60839e-09 
0 5.79643e-10 2.31857e-09 
2.89822e-10 8.69465e-10 2.31857e-09 
2.89822e-10 5.79643e-10 2.60839e-09 
0 8.69465e-10 2.60839e-09 
5.79643e-10 5.79643e-10 2.31857e-09 
8.69465e-10 8.69465e-10 2.31857e-09 
8.69465e-10 5.79643e-10 2.60839e-09 
5.79643e-10 8.69465e-10 2.60839e-09 
1.15929e-09 5.79643e-10 2.31857e-09 
1.44911e-09 8.69465e-10 2.31857e-09 
1.44911e-09 5.79643e-10 2.60839e-09 
1.15929e-09 8.69465e-10 2.60839e-09 
1.73893e-09 5.79643e-10 2.31857e-09 
2.02875e-09 8.69465e-10 2.31857e-09 
2.02875e-09 5.79643e-10 2.60839e-09 
1.73893e-09 8.69465e-10 2.60839e-09 
2.31857e-09 5.79643e-10 2.31857e-09 
2.60839e-09 8.69465e-10 2.31857e-09 
2.60839e-09 5.79643e-10 2.60839e-09 
2.31857e-09 8.69465e-10 2.60839e-09 
2.89822e-09 5.79643e-10 2.31857e-09 
3.18804e-09 8.69465e-10 2.31857e-09 
3.18804e-09 5.79643e-10 2.60839e-09 
2.89822e-09 8.69465e-10 2.60839e-09 
0 1.15929e-09 2.31857e-09 
2.89822e-10 1.44911e-09 2.31857e-09 
2.89822e-10 1.15929e-09 2.60839e-09 
0 1.44911e-09 2.60839e-09 
5.79643e-10 1.15929e-09 2.31857e-09 
8.69465e-10 1.44911e-09 2.31857e-09 
8.69465e-10 1.15929e-09 2.60839e-09 
5.79643e-10 1.44911e-09 2.60839e-09 
1.15929e-09 1.15929e-09 2.31857e-09 
1.44911e-09 1.44911e-09 2.31857e-09 
1.44911e-09 1.15929e-09 2.60839e-09 
1.15929e-09 1.44911e-09 2.60839e-09 
1.73893e-09 1.15929e-09 2.31857e-09 
2.02875e-09 1.44911e-09 2.31857e-09 
2.02875e-09 1.15929e-09 2.60839e-09 
1.73893e-09 1.44911e-09 2.60839e-09 
2.31857e-09 1.15929e-09 2.31857e-09 
2.60839e-09 1.44911e-09 2.31857e-09 
2.60839e-09 1.15929e-09 2.60839e-09 
2.31857e-09 1.44911e-09 2.60839e-09 
2.89822e-09 1.15929e-09 2.31857e-09 
3.18804e-09 1.44911e-09 2.31857e-09 
3.18804e-09 1.15929e-09 2.60839e-09 
2.89822e-09 1.44911e-09 2.60839e-09 
0 1.73893e-09 2.31857e-09 
2.89822e-10 2.02875e-09 2.31857e-09 
2.89822e-10 1.73893e-09 2.60839e-09 
0 2.02875e-09 2.60839e-09 
5.79643e-10 1.73893e-09 2.31857e-09 
8.69465e-10 2.02875e-09 2.31857e-09 
8.69465e-10 1.73893e-09 2.60839e-09 
5.79643e-10 2.02875e-09 2.60839e-09 
1.15929e-09 1.73893e-09 2.31857e-09 
1.44911e-09 2.02875e-09 2.31857e-09 
1.44911e-09 1.73893e-09 2.60839e-09 
1.15929e-09 2.02875e-09 2.60839e-09 
1.73893e-09 1.73893e-09 2.31857e-09 
2.02875e-09 2.02875e-09 2.31857e-09 
2.02875e-09 1.73893e-09 2.60839e-09 
1.73893e-09 2.02875e-09 2.60839e-09 
2.31857e-09 1.73893e-09 2.31857e-09 
2.60839e-09 2.02875e-09 2.31857e-09 
2.60839e-09 1.73893e-09 2.60839e-09 
2.31857e-09 2.02875e-09 2.60839e-09 
2.89822e-09 1.73893e-09 2.31857e-09 
3.18804e-09 2.02875e-09 2.31857e-09 
3.18804e-09 1.73893e-09 2.60839e-09 
2.89822e-09 2.02875e-09 2.60839e-09 
0 2.31857e-09 2.31857e-09 
2.89822e-10 2.60839e-09 2.31857e-09 
2.89822e-10 2.31857e-09 2.60839e-09 
0 2.60839e-09 2.60839e-09 
5.79643e-10 2.31857e-09 2.31857e-09 
8.69465e-10 2.60839e-09 2.31857e-09 
8.69465e-10 2.31857e-09 2.60839e-09 
5.79643e-10 2.60839e-09 2.60839e-09 
1.15929e-09 2.31857e-09 2.31857e-09 
1.44911e-09 2.60839e-09 2.31857e-09 
1.44911e-09 2.31857e-09 2.60839e-09 
1.15929e-09 2.60839e-09 2.60839e-09 
1.73893e-09 2.31857e-09 2.31857e-09 
2.02875e-09 2.60839e-09 2.31857e-09 
2.02875e-09 2.31857e-09 2.60839e-09 
1.73893e-09 2.60839e-09 2.60839e-09 
2.31857e-09 2.31857e-09 2.31857e-09 
2.60839e-09 2.60839e-09 2.31857e-09 
2.60839e-09 2.31857e-09 2.60839e-09 
2.31857e-09 2.60839e-09 2.60839e-09 
2.89822e-09 2.31857e-09 2.31857e-09 
3.18804e-09 2.60839e-09 2.31857e-09 
3.18804e-09 2.31857e-09 2.60839e-09 
2.89822e-09 2.60839e-09 2.60839e-09 
0 2.89822e-09 2.31857e-09 
2.89822e-10 3.18804e-09 2.31857e-09 
2.89822e-10 2.89822e-09 2.60839e-09 
0 3.18804e-09 2.60839e-09 
5.79643e-10 2.89822e-09 2.31857e-09 
8.69465e-10 3.18804e-09 2.31857e-09 
8.69465e-10 2.89822e-09 2.60839e-09 
5.79643e-10 3.18804e-09 2.60839e-09 
1.15929e-09 2.89822e-09 2.31857e-09 
1.44911e-09 3.18804e-09 2.31857e-09 
1.44911e-09 2.89822e-09 2.60839e-09 
1.15929e-09 3.18804e-09 2.60839e-09 
1.73893e-09 2.89822e-09 2.31857e-09 
2.02875e-09 3.18804e-09 2.31857e-09 
2.02875e-09 2.89822e-09 2.60839e-09 
1.73893e-09 3.18804e-09 2.60839e-09 
2.31857e-09 2.89822e-09 2.31857e-09 
2.60839e-09 3.18804e-09 2.31857e-09 
2.60839e-09 2.89822e-09 2.60839e-09 
2.31857e-09 3.18804e-09 2.60839e-09 
2.89822e-09 2.89822e-09 2.31857e-09 
3.18804e-09 3.18804e-09 2.31857e-09 
3.18804e-09 2.89822e-09 2.60839e-09 
2.89822e-09 3.18804e-09 2.60839e-09 
0 0 2.89822e-09 
2.89822e-10 2.89822e-10 2.89822e-09 
2.89822e-10 0 3.18804e-09 
0 2.89822e-10 3.18804e-09 
5.79643e-10 0 2.89822e-09 
8.69465e-10 2.89822e-10 2.89822e-09 
8.69465e-10 0 3.18804e-09 
5.79643e-10 2.89822e-10 3.18804e-09 
1.15929e-09 0 2.89822e-09 
1.44911e-09 2.89822e-10 2.89822e-09 
1.44911e-09 0 3.18804e-09 
1.15929e-09 2.89822e-10 3.18804e-09 
1.73893e-09 0 2.89822e-09 
2.02875e-09 2.89822e-10 2.89822e-09 
2.02875e-09 0 3.18804e-09 
1.73893e-09 2.89822e-10 3.18804e-09 
2.31857e-09 0 2.89822e-09 
2.60839e-09 2.89822e-10 2.89822e-09 
2.60839e-09 0 3.18804e-09 
2.31857e-09 2.89822e-10 3.18804e-09 
2.89822e-09 0 2.89822e-09 
3.18804e-09 2.89822e-10 2.89822e-09 
3.18804e-09 0 3.18804e-09 
2.89822e-09 2.89822e-10 3.18804e-09 
0 5.79643e-10 2.89822e-09 
2.89822e-10 8.69465e-10 2.89822e-09 
2.89822e-10 5.79643e-10 3.18804e-09 
0 8.69465e-10 3.18804e-09 
5.79643e-10 5.79643e-10 2.89822e-09 
8.69465e-10 8.69465e-10 2.89822e-09 
8.69465e-10 5.79643e-10 3.18804e-09 
5.79643e-10 8.69465e-10 3.18804e-09 
1.15929e-09 5.79643e-10 2.89822e-09 
1.44911e-09 8.69465e-10 2.89822e-09 
1.44911e-09 5.79643e-10 3.18804e-09 
1.15929e-09 8.69465e-10 3.18804e-09 
1.73893e-09 5.79643e-10 2.89822e-09 
2.02875e-09 8.69465e-10 2.89822e-09 
2.02875e-09 5.79643e-10 3.18804e-09 
1.73893e-09 8.69465e-10 3.18804e-09 
2.31857e-09 5.79643e-10 2.89822e-09 
2.60839e-09 8.69465e-10 2.89822e-09 
2.60839e-09 5.79643e-10 3.18804e-09 
2.31857e-09 8.69465e-10 3.18804e-09 
2.89822e-09 5.79643e-10 2.89822e-09 
3.18804e-09 8.69465e-10 2.89822e-09 
3.18804e-09 5.79643e-10 3.18804e-09 
2.89822e-09 8.69465e-10 3.18804e-09 
0 1.15929e-09 2.89822e-09 
2.89822e-10 1.44911e-09 2.89822e-09 
2.89822e-10 1.15929e-09 3.18804e-09 
0 1.44911e-09 3.18804e-09 
5.79643e-10 1.15929e-09 2.89822e-09 
8.69465e-10 1.44911e-09 2.89822e-09 
8.69465e-10 1.15929e-09 3.18804e-09 
5.79643e-10 1.44911e-09 3.18804e-09 
1.15929e-09 1.15929e-09 2.89822e-09 
1.44911e-09 1.44911e-09 2.89822e-09 
1.44911e-09 1.15929e-09 3.18804e-09 
1.15929e-09 1.44911e-09 3.18804e-09 
1.73893e-09 1.15929e-09 2.89822e-09 
2.02875e-09 1.44911e-09 2.89822e-09 
2.02875e-09 1.15929e-09 3.18804e-09 
1.73893e-09 1.44911e-09 3.18804e-09 
2.31857e-09 1.15929e-09 2.89822e-09 
2.60839e-09 1.44911e-09 2.89822e-09 
2.60839e-09 1.15929e-09 3.18804e-09 
2.31857e-09 1.44911e-09 3.18804e-09 
2.89822e-09 1.15929e-09 2.89822e-09 
3.18804e-09 1.44911e-09 2.89822e-09 
3.18804e-09 1.15929e-09 3.18804e-09 
2.89822e-09 1.44911e-09 3.18804e-09 
0 1.73893e-09 2.89822e-09 
2.89822e-10 2.02875e-09 2.89822e-09 
2.89822e-10 1.73893e-09 3.18804e-09 
0 2.02875e-09 3.18804e-09 
5.79643e-10 1.73893e-09 2.89822e-09 
8.69465e-10 2.02875e-09 2.89822e-09 
8.69465e-10 1.73893e-09 3.18804e-09 
5.79643e-10 2.02875e-09 3.18804e-09 
1.15929e-09 1.73893e-09 2.89822e-09 
1.44911e-09 2.02875e-09 2.89822e-09 
1.44911e-09 1.73893e-09 3.18804e-09 
1.15929e-09 2.02875e-09 3.18804e-09 
1.73893e-09 1.73893e-09 2.89822e-09 
2.02875e-09 2.02875e-09 2.89822e-09 
2.02875e-09 1.73893e-09 3.18804e-09 
1.73893e-09 2.02875e-09 3.18804e-09 
2.31857e-09 1.73893e-09 2.89822e-09 
2.60839e-09 2.02875e-09 2.89822e-09 
2.60839e-09 1.73893e-09 3.18804e-09 
2.31857e-09 2.02875e-09 3.18804e-09 
2.89822e-09 1.73893e-09 2.89822e-09 
3.18804e-09 2.02875e-09 2.89822e-09 
3.18804e-09 1.73893e-09 3.18804e-09 
2.89822e-09 2.02875e-09 3.18804e-09 
0 2.31857e-09 2.89822e-09 
2.89822e-10 2.60839e-09 2.89822e-09 
2.89822e-10 2.31857e-09 3.18804e-09 
0 2.60839e-09 3.18804e-09 
5.79643e-10 2.31857e-09 2.89822e-09 
8.69465e-10 2.60839e-09 2.89822e-09 
8.69465e-10 2.31857e-09 3.18804e-09 
5.79643e-10 2.60839e-09 3.18804e-09 
1.15929e-09 2.31857e-09 2.89822e-09 
1.44911e-09 2.60839e-09 2.89822e-09 
1.44911e-09 2.31857e-09 3.18804e-09 
1.15929e-09 2.60839e-09 3.18804e-09 
1.73893e-09 2.31857e-09 2.89822e-09 
2.02875e-09 2.60839e-09 2.89822e-09 
2.02875e-09 2.31857e-09 3.18804e-09 
1.73893e-09 2.60839e-09 3.18804e-09 
2.31857e-09 2.31857e-09 2.89822e-09 
2.60839e-09 2.60839e-09 2.89822e-09 
2.60839e-09 2.31857e-09 3.18804e-09 
2.31857e-09 2.60839e-09 3.18804e-09 
2.89822e-09 2.31857e-09 2.89822e-09 
3.18804e-09 2.60839e-09 2.89822e-09 
3.18804e-09 2.31857e-09 3.18804e-09 
2.89822e-09 2.60839e-09 3.18804e-09 
0 2.89822e-09 2.89822e-09 
2.89822e-10 3.18804e-09 2.89822e-09 
2.89822e-10 2.89822e-09 3.18804e-09 
0 3.18804e-09 3.18804e-09 
5.79643e-10 2.89822e-09 2.89822e-09 
8.69465e-10 3.18804e-09 2.89822e-09 
8.69465e-10 2.89822e-09 3.18804e-09 
5.79643e-10 3.18804e-09 3.18804e-09 
1.15929e-09 2.89822e-09 2.89822e-09 
1.44911e-09 3.18804e-09 2.89822e-09 
1.44911e-09 2.89822e-09 3.18804e-09 
1.15929e-09 3.18804e-09 3.18804e-09 
1.73893e-09 2.89822e-09 2.89822e-09 
2.02875e-09 3.18804e-09 2.89822e-09 
2.02875e-09 2.89822e-09 3.18804e-09 
1.73893e-09 3.18804e-09 3.18804e-09 
2.31857e-09 2.89822e-09 2.89822e-09 
2.60839e-09 3.18804e-09 2.89822e-09 
2.60839e-09 2.89822e-09 3.18804e-09 
2.31857e-09 3.18804e-09 3.18804e-09 
2.89822e-09 2.89822e-09 2.89822e-09 
3.18804e-09 3.18804e-09 2.89822e-09 
3.18804e-09 2.89822e-09 3.18804e-09 
2.89822e-09 3.18804e-09 3.18804e-09 
