1.08143e-11 -1.71758e-11 -1.92752e-12
3.01593e-10 2.90347e-10 -1.6992e-11
2.97131e-10 -8.32284e-12 2.90353e-10
5.87459e-12 3.234e-10 2.92993e-10
5.77623e-10 1.23808e-11 1.6135e-11
8.90143e-10 2.78962e-10 -5.32291e-12
8.57253e-10 -4.22334e-11 2.75032e-10
5.80439e-10 2.57973e-10 2.81579e-10
1.15637e-09 -2.0808e-13 -1.41384e-11
1.46267e-09 2.88656e-10 -1.07379e-11
1.47127e-09 -1.18413e-11 2.95778e-10
1.16992e-09 2.84524e-10 3.02558e-10
1.73442e-09 7.34566e-13 1.91466e-11
2.02668e-09 2.69051e-10 1.8188e-11
2.0552e-09 1.14215e-12 2.82379e-10
1.73395e-09 2.83412e-10 2.8966e-10
2.30296e-09 -2.52279e-11 -9.59224e-12
2.58745e-09 3.0728e-10 1.25978e-11
2.6109e-09 2.48051e-11 2.74464e-10
2.28707e-09 3.12234e-10 2.87263e-10
2.90637e-09 -2.2358e-13 8.97584e-12
3.19685e-09 3.0747e-10 -1.89257e-11
3.20291e-09 -1.80205e-12 2.67132e-10
2.88165e-09 2.83217e-10 2.86363e-10
1.17913e-11 5.62244e-10 -2.13108e-12
2.88767e-10 8.7098e-10 -1.30293e-12
2.87327e-10 5.97687e-10 2.90119e-10
7.12072e-12 8.86883e-10 3.10804e-10
5.81649e-10 5.80576e-10 2.09572e-12
8.65891e-10 8.8512e-10 -2.92755e-11
8.5774e-10 5.95303e-10 3.0452e-10
5.77719e-10 9.01148e-10 2.90495e-10
1.18055e-09 5.34499e-10 1.22608e-11
1.4426e-09 8.61647e-10 -4.17901e-12
1.46357e-09 6.04978e-10 2.80652e-10
1.16816e-09 8.49849e-10 2.97584e-10
1.7243e-09 5.77476e-10 8.72441e-12
2.04326e-09 8.58334e-10 -1.56294e-11
2.0231e-09 5.98662e-10 2.83763e-10
1.7346e-09 8.62362e-10 2.84489e-10
2.3296e-09 5.88294e-10 1.89291e-11
2.62257e-09 8.43306e-10 2.08962e-11
2.63458e-09 5.63398e-10 2.90931e-10
2.31623e-09 8.71957e-10 3.01173e-10
2.93726e-09 5.88756e-10 -2.94989e-11
3.17159e-09 8.38606e-10 1.2649e-11
3.18558e-09 5.63671e-10 2.56103e-10
2.91252e-09 8.88019e-10 2.85617e-10
-1.69574e-11 1.15139e-09 3.22228e-11
2.56238e-10 1.45401e-09 5.12399e-12
3.1464e-10 1.17825e-09 2.87383e-10
1.28671e-11 1.4658e-09 2.83574e-10
5.79773e-10 1.16567e-09 3.90346e-12
8.73064e-10 1.42588e-09 -3.46928e-12
8.56376e-10 1.17313e-09 3.12667e-10
5.74731e-10 1.43886e-09 2.67371e-10
1.19479e-09 1.14617e-09 -7.83939e-12
1.4449e-09 1.45312e-09 -3.9426e-11
1.44894e-09 1.17244e-09 2.61265e-10
1.18593e-09 1.45315e-09 2.82064e-10
1.72395e-09 1.15575e-09 -2.92292e-12
2.00383e-09 1.44128e-09 4.57167e-12
2.06007e-09 1.16519e-09 2.9369e-10
1.71621e-09 1.45278e-09 2.8071e-10
2.33269e-09 1.13943e-09 -4.17315e-12
2.62126e-09 1.43718e-09 7.87114e-12
2.60651e-09 1.17219e-09 3.01775e-10
2.29989e-09 1.45935e-09 2.9056e-10
2.8933e-09 1.14933e-09 -2.063e-11
3.19034e-09 1.45549e-09 -4.82337e-12
3.18644e-09 1.15988e-09 2.87452e-10
2.89874e-09 1.43733e-09 2.90615e-10
-4.27832e-12 1.74737e-09 -1.13954e-11
2.61337e-10 2.04141e-09 -1.28513e-11
2.86944e-10 1.75525e-09 3.02447e-10
-4.31557e-12 2.00382e-09 2.98904e-10
5.81926e-10 1.72904e-09 -2.65085e-11
8.80817e-10 2.03536e-09 -2.3592e-11
8.53015e-10 1.70362e-09 2.77697e-10
5.97595e-10 2.00292e-09 2.98472e-10
1.17701e-09 1.73951e-09 2.00328e-11
1.45077e-09 2.00475e-09 -2.29454e-11
1.43774e-09 1.73077e-09 2.93921e-10
1.13457e-09 2.02593e-09 2.67557e-10
1.74573e-09 1.73223e-09 1.30953e-12
2.02736e-09 2.0355e-09 -3.17272e-11
2.03344e-09 1.74195e-09 2.99177e-10
1.73459e-09 2.01755e-09 3.10129e-10
2.30994e-09 1.7556e-09 1.89524e-11
2.60068e-09 2.02277e-09 -1.72569e-11
2.60648e-09 1.74003e-09 2.83768e-10
2.33058e-09 2.02679e-09 2.91008e-10
2.87855e-09 1.75723e-09 5.61459e-12
3.22735e-09 2.04537e-09 1.1229e-12
3.20048e-09 1.7701e-09 2.98916e-10
2.852e-09 2.03054e-09 3.19006e-10
3.39607e-11 2.31057e-09 3.77152e-13
3.14428e-10 2.60719e-09 1.58416e-11
2.73749e-10 2.34897e-09 2.87792e-10
-2.82107e-11 2.61231e-09 3.04966e-10
5.84652e-10 2.29613e-09 8.2691e-12
8.72402e-10 2.61684e-09 -3.38175e-12
8.88753e-10 2.30759e-09 2.95719e-10
5.50667e-10 2.62092e-09 2.78185e-10
1.15587e-09 2.31798e-09 2.22125e-11
1.41913e-09 2.58935e-09 -3.31563e-12
1.42092e-09 2.32134e-09 2.81788e-10
1.16488e-09 2.62847e-09 2.92632e-10
1.73628e-09 2.32898e-09 1.88885e-12
2.03167e-09 2.60271e-09 3.24546e-12
2.03777e-09 2.30533e-09 3.17626e-10
1.75412e-09 2.60788e-09 3.00298e-10
2.3179e-09 2.30309e-09 2.37102e-11
2.63073e-09 2.59143e-09 -1.28375e-11
2.60576e-09 2.26002e-09 2.88577e-10
2.29758e-09 2.61363e-09 2.77794e-10
2.88118e-09 2.3371e-09 -2.85064e-11
3.20607e-09 2.6013e-09 4.85722e-12
3.17932e-09 2.3138e-09 3.2438e-10
2.89162e-09 2.59425e-09 3.08139e-10
1.1643e-11 2.91586e-09 -1.95917e-11
2.91734e-10 3.16075e-09 2.82891e-12
2.70835e-10 2.91503e-09 2.96606e-10
9.68716e-12 3.20525e-09 2.87507e-10
5.64811e-10 2.87971e-09 -1.57084e-11
8.66379e-10 3.17765e-09 1.21245e-11
8.54597e-10 2.92412e-09 2.59514e-10
6.17082e-10 3.17257e-09 2.68225e-10
1.16095e-09 2.9025e-09 1.62725e-11
1.45715e-09 3.20038e-09 -2.20713e-11
1.41776e-09 2.91989e-09 3.09207e-10
1.15234e-09 3.16112e-09 2.96013e-10
1.71582e-09 2.8662e-09 6.89035e-12
2.02209e-09 3.1954e-09 8.83569e-12
2.02081e-09 2.91532e-09 3.13649e-10
1.7417e-09 3.1805e-09 3.20601e-10
2.32186e-09 2.88942e-09 -1.29137e-11
2.63659e-09 3.19828e-09 1.38476e-11
2.59386e-09 2.89341e-09 2.68048e-10
2.31813e-09 3.19691e-09 2.76887e-10
2.89954e-09 2.88763e-09 1.05814e-11
3.17077e-09 3.18812e-09 8.29896e-12
3.17134e-09 2.89843e-09 2.73395e-10
2.90472e-09 3.20336e-09 3.14718e-10
9.55172e-12 -1.25977e-11 5.75203e-10
2.84829e-10 2.85003e-10 6.05502e-10
3.1017e-10 5.24639e-12 8.81299e-10
1.42594e-11 2.79186e-10 8.53345e-10
5.74005e-10 7.97548e-12 5.68951e-10
8.73641e-10 2.87548e-10 6.02959e-10
8.79875e-10 1.01113e-11 8.59585e-10
5.995e-10 2.65348e-10 8.66565e-10
1.14068e-09 -9.53192e-12 5.88829e-10
1.44513e-09 2.99582e-10 6.04106e-10
1.46368e-09 -5.81584e-12 8.87562e-10
1.16525e-09 2.95318e-10 8.39489e-10
1.74169e-09 -1.31382e-11 5.48977e-10
2.04981e-09 2.98357e-10 5.84365e-10
2.02454e-09 -5.96018e-12 8.57439e-10
1.72175e-09 3.01732e-10 8.95144e-10
2.30934e-09 -8.12102e-12 5.73476e-10
2.5854e-09 2.97703e-10 5.81696e-10
2.60877e-09 -2.38418e-11 8.64895e-10
2.33473e-09 2.94741e-10 8.81427e-10
2.88219e-09 2.02384e-11 6.03209e-10
3.17041e-09 2.91894e-10 5.82193e-10
3.19633e-09 1.32435e-11 8.64758e-10
2.89049e-09 3.19025e-10 8.65434e-10
2.40881e-11 5.67452e-10 5.4189e-10
3.16382e-10 8.56725e-10 5.34753e-10
3.02978e-10 5.54763e-10 8.59367e-10
-1.36476e-12 8.37687e-10 8.91465e-10
5.6184e-10 5.63782e-10 5.74688e-10
8.72659e-10 8.47209e-10 5.70758e-10
8.62724e-10 5.84574e-10 9.08175e-10
5.9334e-10 9.10713e-10 8.75159e-10
1.17812e-09 5.86962e-10 5.93758e-10
1.41552e-09 8.88625e-10 5.66682e-10
1.44741e-09 6.03461e-10 8.93163e-10
1.13997e-09 8.64988e-10 8.64461e-10
1.73639e-09 6.01289e-10 5.67019e-10
1.99924e-09 8.8027e-10 5.66822e-10
2.03071e-09 5.80453e-10 8.58285e-10
1.74159e-09 8.88167e-10 8.54078e-10
2.30835e-09 5.67309e-10 5.71798e-10
2.6094e-09 8.68979e-10 5.81935e-10
2.62045e-09 5.74741e-10 8.48108e-10
2.32663e-09 8.54896e-10 8.87559e-10
2.85323e-09 5.63806e-10 5.87924e-10
3.17409e-09 8.67581e-10 6.03454e-10
3.1904e-09 5.84799e-10 8.8243e-10
2.91392e-09 8.71391e-10 8.54358e-10
2.52429e-11 1.15894e-09 5.91257e-10
2.71996e-10 1.4426e-09 5.84516e-10
2.97702e-10 1.16662e-09 8.64773e-10
9.08549e-13 1.435e-09 8.82299e-10
5.90961e-10 1.17543e-09 5.68651e-10
8.50644e-10 1.44667e-09 5.99625e-10
8.50664e-10 1.14103e-09 8.64547e-10
5.57668e-10 1.46658e-09 8.47985e-10
1.14593e-09 1.15834e-09 5.53151e-10
1.45167e-09 1.46742e-09 5.66887e-10
1.47086e-09 1.16133e-09 8.83734e-10
1.17912e-09 1.45966e-09 8.58396e-10
1.74817e-09 1.16519e-09 5.76782e-10
2.02324e-09 1.44764e-09 5.68824e-10
2.05234e-09 1.13928e-09 8.75786e-10
1.74449e-09 1.45934e-09 8.73679e-10
2.33172e-09 1.16256e-09 5.79642e-10
2.59552e-09 1.44061e-09 5.96861e-10
2.61012e-09 1.17184e-09 8.66388e-10
2.30621e-09 1.43532e-09 8.83838e-10
2.91425e-09 1.12781e-09 5.70623e-10
3.19244e-09 1.47507e-09 5.88035e-10
3.20403e-09 1.18228e-09 8.61178e-10
2.88127e-09 1.43406e-09 8.89535e-10
7.04435e-12 1.74475e-09 5.78537e-10
2.65158e-10 2.00569e-09 6.00087e-10
2.63813e-10 1.74737e-09 8.97871e-10
-6.94011e-12 2.03508e-09 8.76848e-10
5.76672e-10 1.72138e-09 5.88077e-10
8.689e-10 2.00497e-09 5.69159e-10
8.74751e-10 1.73426e-09 8.8193e-10
5.83369e-10 2.01141e-09 8.68798e-10
1.15254e-09 1.73892e-09 5.66213e-10
1.43867e-09 2.02083e-09 5.62037e-10
1.46306e-09 1.75131e-09 8.58866e-10
1.13121e-09 2.01211e-09 9.14903e-10
1.75887e-09 1.75183e-09 5.81774e-10
2.0428e-09 2.02051e-09 5.7317e-10
2.02087e-09 1.73007e-09 8.73319e-10
1.73483e-09 2.03379e-09 8.62525e-10
2.33602e-09 1.73366e-09 5.76384e-10
2.60893e-09 2.03144e-09 5.80453e-10
2.58746e-09 1.75376e-09 8.78031e-10
2.27776e-09 2.0174e-09 8.95394e-10
2.85733e-09 1.75313e-09 5.70352e-10
3.1806e-09 2.06146e-09 5.64806e-10
3.16751e-09 1.7501e-09 8.99507e-10
2.8855e-09 2.01777e-09 8.83673e-10
-2.15393e-12 2.34551e-09 5.76611e-10
3.20963e-10 2.60398e-09 5.83298e-10
3.11628e-10 2.31895e-09 8.89454e-10
-1.11783e-11 2.64187e-09 8.61124e-10
5.87855e-10 2.33328e-09 5.65798e-10
8.62882e-10 2.62601e-09 5.70522e-10
8.61534e-10 2.31254e-09 8.77496e-10
5.60761e-10 2.58135e-09 8.93497e-10
1.15798e-09 2.31085e-09 5.88085e-10
1.47441e-09 2.59885e-09 5.86946e-10
1.43147e-09 2.31896e-09 8.71286e-10
1.16617e-09 2.59491e-09 8.81386e-10
1.74927e-09 2.32118e-09 5.68399e-10
2.02167e-09 2.61684e-09 5.66436e-10
2.03504e-09 2.30471e-09 8.58165e-10
1.73378e-09 2.63583e-09 8.86652e-10
2.29417e-09 2.31551e-09 5.65652e-10
2.64225e-09 2.61986e-09 5.73556e-10
2.60127e-09 2.31255e-09 8.36665e-10
2.32481e-09 2.61976e-09 8.80851e-10
2.8837e-09 2.29752e-09 5.81691e-10
3.17946e-09 2.61894e-09 5.91998e-10
3.18007e-09 2.3156e-09 8.34451e-10
2.90345e-09 2.62717e-09 8.55399e-10
-7.47723e-12 2.8765e-09 5.85822e-10
2.88235e-10 3.18242e-09 5.66243e-10
3.18411e-10 2.90571e-09 8.56376e-10
-2.36502e-12 3.16861e-09 8.79368e-10
5.80966e-10 2.92409e-09 6.10477e-10
8.57668e-10 3.22787e-09 6.07566e-10
8.512e-10 2.91845e-09 8.5558e-10
5.7205e-10 3.20324e-09 8.64547e-10
1.14069e-09 2.89679e-09 5.6893e-10
1.47182e-09 3.17205e-09 5.88859e-10
1.47606e-09 2.89469e-09 8.72398e-10
1.16611e-09 3.21645e-09 8.74158e-10
1.72032e-09 2.91468e-09 5.9494e-10
2.01193e-09 3.20524e-09 5.72699e-10
2.03134e-09 2.89758e-09 8.48427e-10
1.72044e-09 3.20808e-09 8.44596e-10
2.31054e-09 2.90399e-09 5.98781e-10
2.61809e-09 3.19826e-09 5.75148e-10
2.59074e-09 2.89696e-09 8.69796e-10
2.33091e-09 3.19735e-09 8.50964e-10
2.91284e-09 2.88587e-09 5.73512e-10
3.18033e-09 3.20708e-09 5.84132e-10
3.16089e-09 2.90109e-09 8.60965e-10
2.89056e-09 3.17757e-09 8.84251e-10
-9.06955e-12 2.945e-12 1.15342e-09
2.72605e-10 2.81102e-10 1.14842e-09
2.99557e-10 3.28901e-12 1.45781e-09
-1.1827e-11 2.80815e-10 1.46753e-09
5.75654e-10 -7.00818e-12 1.15905e-09
8.60837e-10 2.99825e-10 1.16407e-09
8.64515e-10 2.88554e-12 1.42819e-09
5.63327e-10 3.11092e-10 1.45794e-09
1.14353e-09 1.42775e-11 1.12921e-09
1.45217e-09 2.9799e-10 1.14077e-09
1.44247e-09 1.56669e-11 1.43889e-09
1.13712e-09 2.90975e-10 1.44644e-09
1.73151e-09 1.35414e-11 1.19449e-09
2.03965e-09 2.87213e-10 1.15231e-09
2.03307e-09 -8.84677e-12 1.45787e-09
1.75835e-09 3.02524e-10 1.46887e-09
2.31332e-09 4.36548e-13 1.13849e-09
2.61491e-09 3.29655e-10 1.13244e-09
2.61063e-09 1.98367e-11 1.43654e-09
2.31333e-09 2.74081e-10 1.4461e-09
2.89549e-09 2.62683e-11 1.16909e-09
3.17353e-09 2.95441e-10 1.14971e-09
3.17348e-09 2.09589e-11 1.42906e-09
2.88158e-09 2.86257e-10 1.44851e-09
-6.19569e-12 5.54511e-10 1.16654e-09
2.93123e-10 8.56246e-10 1.15368e-09
2.95844e-10 5.75866e-10 1.45916e-09
2.16554e-11 8.70607e-10 1.46994e-09
5.8381e-10 6.04237e-10 1.14124e-09
8.83641e-10 8.52882e-10 1.13793e-09
8.39311e-10 5.68068e-10 1.43454e-09
5.94432e-10 8.7807e-10 1.45033e-09
1.15133e-09 5.72156e-10 1.15007e-09
1.44148e-09 8.64025e-10 1.16308e-09
1.45906e-09 5.95107e-10 1.44343e-09
1.15035e-09 8.58793e-10 1.43343e-09
1.74744e-09 5.71301e-10 1.14409e-09
2.05207e-09 8.64665e-10 1.16208e-09
2.0506e-09 5.66043e-10 1.44323e-09
1.74462e-09 8.77084e-10 1.43614e-09
2.31075e-09 5.6485e-10 1.18815e-09
2.6221e-09 8.5746e-10 1.19547e-09
2.59599e-09 5.66378e-10 1.45124e-09
2.33174e-09 8.8458e-10 1.44228e-09
2.89773e-09 5.73164e-10 1.16213e-09
3.18155e-09 8.47777e-10 1.15236e-09
3.18586e-09 5.86327e-10 1.44283e-09
2.88269e-09 8.43847e-10 1.47017e-09
-5.92508e-11 1.17328e-09 1.15965e-09
2.8549e-10 1.4569e-09 1.17864e-09
2.96046e-10 1.16471e-09 1.41909e-09
2.8281e-11 1.46394e-09 1.4473e-09
5.70227e-10 1.16411e-09 1.12284e-09
8.55454e-10 1.45192e-09 1.16008e-09
8.5254e-10 1.16711e-09 1.46657e-09
5.98339e-10 1.46214e-09 1.45595e-09
1.15656e-09 1.16102e-09 1.16241e-09
1.43707e-09 1.44037e-09 1.15055e-09
1.46364e-09 1.20221e-09 1.43622e-09
1.1729e-09 1.42289e-09 1.45836e-09
1.72579e-09 1.1699e-09 1.14976e-09
2.05699e-09 1.46592e-09 1.14899e-09
2.02662e-09 1.15377e-09 1.42682e-09
1.73175e-09 1.44363e-09 1.45571e-09
2.3033e-09 1.14643e-09 1.16575e-09
2.62787e-09 1.42489e-09 1.17324e-09
2.62621e-09 1.15316e-09 1.43379e-09
2.33084e-09 1.44506e-09 1.45013e-09
2.90385e-09 1.16147e-09 1.17058e-09
3.20366e-09 1.45384e-09 1.14358e-09
3.15944e-09 1.1667e-09 1.41378e-09
2.90326e-09 1.42878e-09 1.45611e-09
2.36812e-11 1.76294e-09 1.16358e-09
3.08999e-10 2.01479e-09 1.15804e-09
2.78699e-10 1.72971e-09 1.46017e-09
7.11721e-12 1.99361e-09 1.43904e-09
5.91642e-10 1.71159e-09 1.15338e-09
8.6317e-10 2.0021e-09 1.15918e-09
8.52793e-10 1.71086e-09 1.4548e-09
6.02654e-10 2.00428e-09 1.45459e-09
1.15209e-09 1.73341e-09 1.18621e-09
1.44123e-09 2.01894e-09 1.16096e-09
1.43602e-09 1.72685e-09 1.44868e-09
1.16332e-09 2.02609e-09 1.4558e-09
1.72011e-09 1.72772e-09 1.14676e-09
2.04126e-09 2.03536e-09 1.16978e-09
2.03233e-09 1.72882e-09 1.4352e-09
1.75172e-09 2.03341e-09 1.46211e-09
2.31532e-09 1.75689e-09 1.16021e-09
2.58886e-09 2.03189e-09 1.15919e-09
2.58513e-09 1.75347e-09 1.43155e-09
2.31577e-09 2.01455e-09 1.44218e-09
2.91897e-09 1.70145e-09 1.13841e-09
3.15774e-09 2.05467e-09 1.16995e-09
3.16331e-09 1.71849e-09 1.48046e-09
2.89842e-09 2.03529e-09 1.44682e-09
9.35066e-12 2.30593e-09 1.18812e-09
2.84502e-10 2.60222e-09 1.14925e-09
2.77628e-10 2.34629e-09 1.44765e-09
2.33192e-11 2.6037e-09 1.45401e-09
5.8515e-10 2.30097e-09 1.16407e-09
8.46943e-10 2.60748e-09 1.17733e-09
8.71181e-10 2.34466e-09 1.43726e-09
5.59675e-10 2.65581e-09 1.46146e-09
1.14861e-09 2.32347e-09 1.14139e-09
1.44161e-09 2.62577e-09 1.18438e-09
1.42868e-09 2.29892e-09 1.43149e-09
1.19059e-09 2.62806e-09 1.47193e-09
1.72229e-09 2.30055e-09 1.18813e-09
2.04519e-09 2.61563e-09 1.17213e-09
2.03017e-09 2.33795e-09 1.43517e-09
1.732e-09 2.60918e-09 1.45626e-09
2.31171e-09 2.28912e-09 1.15894e-09
2.6058e-09 2.60815e-09 1.18366e-09
2.57409e-09 2.30807e-09 1.47897e-09
2.31794e-09 2.57856e-09 1.46838e-09
2.90777e-09 2.33218e-09 1.15307e-09
3.16389e-09 2.61283e-09 1.16634e-09
3.20859e-09 2.33087e-09 1.44896e-09
2.92792e-09 2.59903e-09 1.43806e-09
1.55997e-11 2.90474e-09 1.18659e-09
2.96803e-10 3.19369e-09 1.17022e-09
2.83974e-10 2.84807e-09 1.45526e-09
-1.66198e-12 3.19903e-09 1.44925e-09
5.80938e-10 2.92235e-09 1.1588e-09
8.58825e-10 3.18468e-09 1.18886e-09
8.93532e-10 2.89133e-09 1.43155e-09
5.57759e-10 3.18472e-09 1.42506e-09
1.16389e-09 2.88781e-09 1.17983e-09
1.44091e-09 3.17856e-09 1.14964e-09
1.42345e-09 2.90968e-09 1.43976e-09
1.15807e-09 3.17788e-09 1.45651e-09
1.73832e-09 2.90957e-09 1.16287e-09
2.04002e-09 3.20972e-09 1.16127e-09
2.02833e-09 2.87145e-09 1.44749e-09
1.7476e-09 3.21448e-09 1.43078e-09
2.33847e-09 2.9121e-09 1.17097e-09
2.61954e-09 3.22784e-09 1.15362e-09
2.60069e-09 2.91293e-09 1.43488e-09
2.3343e-09 3.16995e-09 1.47407e-09
2.89799e-09 2.87913e-09 1.17159e-09
3.17252e-09 3.1841e-09 1.15312e-09
3.18608e-09 2.89471e-09 1.41624e-09
2.92885e-09 3.16798e-09 1.44029e-09
4.14079e-11 -2.57128e-12 1.72485e-09
2.7851e-10 2.86591e-10 1.72454e-09
2.91922e-10 8.11945e-12 2.01048e-09
1.49334e-12 2.91042e-10 2.01869e-09
5.68836e-10 5.5521e-12 1.73222e-09
8.70792e-10 2.95562e-10 1.7227e-09
8.62818e-10 6.97305e-12 2.03346e-09
5.64951e-10 2.87583e-10 2.00648e-09
1.14701e-09 1.10745e-11 1.74974e-09
1.42386e-09 2.98406e-10 1.74071e-09
1.45005e-09 3.64781e-12 2.03957e-09
1.16867e-09 2.90944e-10 2.05412e-09
1.76569e-09 1.28963e-11 1.73616e-09
2.04853e-09 2.98047e-10 1.73376e-09
2.03784e-09 8.12469e-12 2.05867e-09
1.74763e-09 2.82027e-10 2.05202e-09
2.31224e-09 9.6717e-12 1.73424e-09
2.60377e-09 2.93943e-10 1.70733e-09
2.59786e-09 -6.17089e-12 2.03902e-09
2.32063e-09 3.02304e-10 2.0402e-09
2.92109e-09 6.75749e-12 1.75613e-09
3.19518e-09 3.25561e-10 1.7443e-09
3.16945e-09 -1.05236e-11 2.02663e-09
2.90099e-09 3.26726e-10 2.05064e-09
3.07285e-13 5.89255e-10 1.73748e-09
2.83191e-10 8.74691e-10 1.73828e-09
3.11692e-10 5.7586e-10 2.00592e-09
-1.76817e-11 8.44234e-10 2.02561e-09
5.52619e-10 5.71153e-10 1.74805e-09
8.3366e-10 8.7285e-10 1.73091e-09
8.33386e-10 5.72306e-10 2.04415e-09
5.53305e-10 8.76023e-10 2.03978e-09
1.1553e-09 5.70415e-10 1.74998e-09
1.46038e-09 8.56264e-10 1.75827e-09
1.44049e-09 5.83535e-10 2.04499e-09
1.13921e-09 8.73821e-10 2.05866e-09
1.70985e-09 5.41203e-10 1.71696e-09
2.02572e-09 8.8049e-10 1.72582e-09
2.02445e-09 6.06307e-10 2.03496e-09
1.74648e-09 8.63792e-10 2.03387e-09
2.33261e-09 5.92696e-10 1.7404e-09
2.59709e-09 8.5423e-10 1.72855e-09
2.64594e-09 5.92475e-10 2.06616e-09
2.34232e-09 8.64879e-10 2.00489e-09
2.89909e-09 5.88598e-10 1.71144e-09
3.20724e-09 8.72417e-10 1.7279e-09
3.19374e-09 5.74224e-10 2.03772e-09
2.91455e-09 8.69753e-10 2.04725e-09
-7.64195e-12 1.14732e-09 1.75352e-09
2.94282e-10 1.43316e-09 1.72214e-09
2.9439e-10 1.15104e-09 2.00812e-09
1.0012e-11 1.44482e-09 2.03279e-09
5.91867e-10 1.15563e-09 1.74027e-09
8.56013e-10 1.44803e-09 1.73229e-09
8.54484e-10 1.16598e-09 2.02872e-09
5.71193e-10 1.45591e-09 2.05513e-09
1.15931e-09 1.16262e-09 1.71393e-09
1.43986e-09 1.44806e-09 1.72699e-09
1.48167e-09 1.14086e-09 2.0352e-09
1.1646e-09 1.47812e-09 2.03321e-09
1.74152e-09 1.15546e-09 1.7491e-09
2.04499e-09 1.4366e-09 1.73917e-09
2.0355e-09 1.16683e-09 2.02258e-09
1.73297e-09 1.47629e-09 2.01333e-09
2.34528e-09 1.1319e-09 1.73574e-09
2.59765e-09 1.45416e-09 1.76509e-09
2.59426e-09 1.16586e-09 2.03824e-09
2.31621e-09 1.41677e-09 2.04375e-09
2.89253e-09 1.12918e-09 1.75599e-09
3.16861e-09 1.46185e-09 1.75873e-09
3.18172e-09 1.14712e-09 2.02808e-09
2.87305e-09 1.47545e-09 2.04435e-09
6.16997e-12 1.73242e-09 1.74438e-09
2.99514e-10 2.03394e-09 1.72021e-09
2.87564e-10 1.73461e-09 2.03142e-09
-2.93776e-11 2.00315e-09 2.0371e-09
5.83848e-10 1.72938e-09 1.7379e-09
8.93033e-10 2.03051e-09 1.73287e-09
8.97119e-10 1.76885e-09 2.04439e-09
5.77807e-10 2.02594e-09 2.02567e-09
1.13517e-09 1.71939e-09 1.71722e-09
1.43706e-09 2.04634e-09 1.73626e-09
1.45578e-09 1.76357e-09 2.03257e-09
1.13808e-09 2.04021e-09 2.00413e-09
1.74778e-09 1.73753e-09 1.7184e-09
2.03262e-09 2.01155e-09 1.7528e-09
2.01284e-09 1.7371e-09 2.03699e-09
1.75605e-09 2.03931e-09 2.00775e-09
2.32905e-09 1.75188e-09 1.72583e-09
2.61029e-09 2.02097e-09 1.73928e-09
2.57204e-09 1.75267e-09 2.03817e-09
2.31167e-09 2.03937e-09 2.02464e-09
2.90596e-09 1.72679e-09 1.74747e-09
3.17535e-09 2.0245e-09 1.73428e-09
3.1978e-09 1.75063e-09 2.03675e-09
2.8935e-09 2.02048e-09 2.03113e-09
-3.71636e-12 2.32852e-09 1.71159e-09
2.71441e-10 2.6049e-09 1.72312e-09
2.74943e-10 2.31023e-09 2.01576e-09
8.5573e-12 2.59466e-09 2.02968e-09
5.56413e-10 2.33153e-09 1.75063e-09
8.61193e-10 2.58836e-09 1.71825e-09
8.57191e-10 2.30593e-09 2.01316e-09
5.80897e-10 2.61988e-09 2.02913e-09
1.13387e-09 2.30987e-09 1.75297e-09
1.43637e-09 2.61976e-09 1.76019e-09
1.45256e-09 2.33136e-09 2.03713e-09
1.15336e-09 2.60791e-09 2.04206e-09
1.74847e-09 2.31852e-09 1.75067e-09
2.04948e-09 2.59014e-09 1.73391e-09
2.01836e-09 2.32148e-09 2.0092e-09
1.72225e-09 2.61478e-09 2.04788e-09
2.32402e-09 2.32758e-09 1.73925e-09
2.60565e-09 2.60023e-09 1.74378e-09
2.58095e-09 2.28211e-09 2.05571e-09
2.3052e-09 2.58328e-09 2.04027e-09
2.90413e-09 2.3081e-09 1.76519e-09
3.2096e-09 2.5782e-09 1.7556e-09
3.17843e-09 2.32746e-09 2.02714e-09
2.87093e-09 2.60701e-09 2.03833e-09
1.34626e-12 2.90199e-09 1.73924e-09
2.80489e-10 3.1994e-09 1.76542e-09
3.34422e-10 2.89051e-09 2.00925e-09
6.64262e-12 3.173e-09 2.01409e-09
5.78144e-10 2.90035e-09 1.76264e-09
8.61777e-10 3.17774e-09 1.73686e-09
8.81658e-10 2.92456e-09 2.02125e-09
5.81332e-10 3.18823e-09 2.02516e-09
1.16621e-09 2.87618e-09 1.73184e-09
1.45483e-09 3.18139e-09 1.73386e-09
1.42258e-09 2.89789e-09 2.03928e-09
1.1202e-09 3.18362e-09 2.00779e-09
1.74838e-09 2.90406e-09 1.71983e-09
2.0081e-09 3.16257e-09 1.74951e-09
2.03113e-09 2.90127e-09 2.03914e-09
1.74361e-09 3.17329e-09 2.02503e-09
2.30746e-09 2.90982e-09 1.70902e-09
2.62531e-09 3.1975e-09 1.72715e-09
2.63231e-09 2.90869e-09 2.01693e-09
2.3163e-09 3.20174e-09 2.02833e-09
2.91153e-09 2.89576e-09 1.7613e-09
3.21797e-09 3.18668e-09 1.75235e-09
3.17898e-09 2.90652e-09 1.98447e-09
2.90456e-09 3.2063e-09 2.02463e-09
-1.31109e-11 -1.68241e-11 2.3285e-09
2.82424e-10 2.93391e-10 2.31405e-09
2.83128e-10 -3.55115e-12 2.59744e-09
1.17626e-11 2.73381e-10 2.60524e-09
5.54579e-10 -2.6865e-11 2.34695e-09
8.61909e-10 2.69249e-10 2.33686e-09
8.64043e-10 4.71894e-12 2.59992e-09
5.91403e-10 2.86756e-10 2.6349e-09
1.18711e-09 2.0647e-11 2.35581e-09
1.48452e-09 2.63475e-10 2.32293e-09
1.46234e-09 -1.57825e-11 2.62288e-09
1.17471e-09 2.99172e-10 2.59283e-09
1.71679e-09 2.53068e-12 2.31115e-09
2.0045e-09 2.72204e-10 2.28118e-09
2.04206e-09 1.76251e-11 2.61199e-09
1.73064e-09 2.87409e-10 2.57333e-09
2.33929e-09 1.21045e-11 2.31279e-09
2.59048e-09 2.55726e-10 2.31092e-09
2.6045e-09 -1.56394e-11 2.59068e-09
2.32451e-09 3.09921e-10 2.60037e-09
2.90808e-09 1.77355e-11 2.32074e-09
3.18682e-09 2.68776e-10 2.32266e-09
3.20061e-09 1.08102e-11 2.61579e-09
2.90086e-09 2.72773e-10 2.61797e-09
-8.00933e-12 5.87611e-10 2.29474e-09
3.0141e-10 8.52094e-10 2.32404e-09
3.00805e-10 5.74921e-10 2.63298e-09
-1.32652e-12 8.65354e-10 2.59339e-09
5.81214e-10 5.93066e-10 2.32981e-09
8.71876e-10 8.53964e-10 2.29591e-09
8.78897e-10 5.91431e-10 2.60232e-09
5.70613e-10 8.82495e-10 2.59052e-09
1.14672e-09 6.01389e-10 2.31003e-09
1.44778e-09 8.90323e-10 2.32332e-09
1.47688e-09 5.87689e-10 2.60783e-09
1.14393e-09 8.66819e-10 2.61808e-09
1.74578e-09 5.76704e-10 2.32752e-09
2.04663e-09 8.54586e-10 2.30522e-09
2.02725e-09 6.08623e-10 2.62109e-09
1.75422e-09 8.66513e-10 2.62634e-09
2.30777e-09 5.69972e-10 2.31889e-09
2.59034e-09 8.58718e-10 2.33066e-09
2.59799e-09 6.23744e-10 2.64048e-09
2.32541e-09 8.87818e-10 2.61679e-09
2.9013e-09 5.89733e-10 2.32426e-09
3.1877e-09 8.86092e-10 2.34633e-09
3.19671e-09 6.09136e-10 2.61017e-09
2.90268e-09 8.74317e-10 2.60567e-09
2.83843e-11 1.17126e-09 2.34547e-09
2.89552e-10 1.44361e-09 2.32835e-09
2.65836e-10 1.1536e-09 2.60231e-09
-1.30333e-13 1.45995e-09 2.59972e-09
5.64463e-10 1.16417e-09 2.33865e-09
8.68418e-10 1.4763e-09 2.3202e-09
8.62262e-10 1.17904e-09 2.64089e-09
5.86704e-10 1.45436e-09 2.58805e-09
1.14822e-09 1.19412e-09 2.32476e-09
1.45141e-09 1.46641e-09 2.34139e-09
1.47198e-09 1.16384e-09 2.58957e-09
1.14512e-09 1.45928e-09 2.62053e-09
1.75311e-09 1.17285e-09 2.30697e-09
2.01981e-09 1.45287e-09 2.29355e-09
2.03788e-09 1.16511e-09 2.61934e-09
1.72829e-09 1.4348e-09 2.60729e-09
2.29692e-09 1.15558e-09 2.32372e-09
2.6038e-09 1.45167e-09 2.34554e-09
2.61747e-09 1.16069e-09 2.59984e-09
2.32468e-09 1.4522e-09 2.57602e-09
2.92167e-09 1.15827e-09 2.32224e-09
3.17818e-09 1.44009e-09 2.33974e-09
3.17619e-09 1.15136e-09 2.61445e-09
2.90826e-09 1.42844e-09 2.59601e-09
1.69247e-11 1.69785e-09 2.32922e-09
3.06302e-10 2.03281e-09 2.32818e-09
2.70318e-10 1.7242e-09 2.58341e-09
9.15113e-12 2.02854e-09 2.60792e-09
5.7213e-10 1.72835e-09 2.32459e-09
8.70814e-10 2.04221e-09 2.31504e-09
8.54841e-10 1.71682e-09 2.62211e-09
5.7579e-10 2.03414e-09 2.63819e-09
1.16993e-09 1.75994e-09 2.30957e-09
1.4639e-09 2.04451e-09 2.30249e-09
1.43904e-09 1.76163e-09 2.62931e-09
1.13221e-09 2.00649e-09 2.57733e-09
1.73774e-09 1.75644e-09 2.30712e-09
2.03445e-09 2.02663e-09 2.33123e-09
1.99694e-09 1.73099e-09 2.62258e-09
1.68675e-09 2.02585e-09 2.58817e-09
2.30004e-09 1.74614e-09 2.31351e-09
2.59196e-09 2.0405e-09 2.31125e-09
2.61635e-09 1.76197e-09 2.61033e-09
2.32569e-09 2.04634e-09 2.5966e-09
2.89774e-09 1.74831e-09 2.30601e-09
3.18886e-09 2.03817e-09 2.29413e-09
3.19189e-09 1.73922e-09 2.59539e-09
2.90746e-09 2.03549e-09 2.60536e-09
9.23047e-12 2.31127e-09 2.30504e-09
2.98478e-10 2.60138e-09 2.31049e-09
2.66482e-10 2.32665e-09 2.61839e-09
-3.51558e-12 2.61084e-09 2.62187e-09
5.88649e-10 2.35633e-09 2.30634e-09
8.71293e-10 2.60123e-09 2.33865e-09
8.61872e-10 2.32709e-09 2.6305e-09
5.3865e-10 2.60241e-09 2.6035e-09
1.14531e-09 2.33627e-09 2.32336e-09
1.46867e-09 2.61437e-09 2.30728e-09
1.44569e-09 2.33729e-09 2.60797e-09
1.16037e-09 2.61464e-09 2.61871e-09
1.72794e-09 2.31191e-09 2.31553e-09
2.01861e-09 2.63125e-09 2.3071e-09
2.01352e-09 2.2979e-09 2.62217e-09
1.74444e-09 2.59815e-09 2.60548e-09
2.31674e-09 2.31533e-09 2.33365e-09
2.60638e-09 2.61914e-09 2.32835e-09
2.61731e-09 2.30443e-09 2.60524e-09
2.32124e-09 2.60034e-09 2.59755e-09
2.91848e-09 2.32659e-09 2.32463e-09
3.19349e-09 2.61058e-09 2.33477e-09
3.1824e-09 2.31169e-09 2.61172e-09
2.90406e-09 2.59447e-09 2.6248e-09
1.71556e-11 2.88639e-09 2.32294e-09
2.8681e-10 3.2013e-09 2.33166e-09
3.01208e-10 2.91155e-09 2.61231e-09
-1.89835e-12 3.17027e-09 2.60675e-09
5.88579e-10 2.90227e-09 2.32829e-09
8.56835e-10 3.19473e-09 2.33318e-09
8.56521e-10 2.91098e-09 2.61726e-09
5.3981e-10 3.20121e-09 2.60959e-09
1.17053e-09 2.912e-09 2.31051e-09
1.42188e-09 3.20444e-09 2.30655e-09
1.42098e-09 2.885e-09 2.61407e-09
1.16141e-09 3.17464e-09 2.58141e-09
1.76215e-09 2.89764e-09 2.32598e-09
1.997e-09 3.18974e-09 2.29919e-09
2.04485e-09 2.92421e-09 2.59238e-09
1.73012e-09 3.17242e-09 2.58226e-09
2.31195e-09 2.87707e-09 2.32896e-09
2.60982e-09 3.1943e-09 2.31486e-09
2.5958e-09 2.87413e-09 2.64343e-09
2.34257e-09 3.19058e-09 2.62249e-09
2.89249e-09 2.89783e-09 2.35959e-09
3.16285e-09 3.19118e-09 2.32141e-09
3.17686e-09 2.90106e-09 2.60016e-09
2.89709e-09 3.20502e-09 2.59863e-09
-4.62423e-11 6.80085e-12 2.91e-09
3.01774e-10 2.7862e-10 2.87617e-09
2.93009e-10 -4.68881e-12 3.19706e-09
-1.60221e-11 2.65502e-10 3.19244e-09
5.73898e-10 4.58991e-12 2.8998e-09
8.61196e-10 3.29575e-10 2.89184e-09
8.62959e-10 1.1949e-11 3.16019e-09
5.96419e-10 2.86422e-10 3.19052e-09
1.15559e-09 1.14524e-11 2.90723e-09
1.47614e-09 3.19871e-10 2.90271e-09
1.45077e-09 1.16199e-11 3.17446e-09
1.17729e-09 2.90303e-10 3.18409e-09
1.75128e-09 2.0918e-12 2.89457e-09
2.04547e-09 2.75065e-10 2.91311e-09
2.03129e-09 -1.22756e-11 3.14214e-09
1.73765e-09 2.97279e-10 3.18277e-09
2.30464e-09 5.23364e-12 2.92644e-09
2.62565e-09 2.6661e-10 2.90341e-09
2.57535e-09 3.2676e-11 3.21206e-09
2.32175e-09 2.93269e-10 3.178e-09
2.91696e-09 3.44192e-11 2.89603e-09
3.17964e-09 2.77229e-10 2.9164e-09
3.19375e-09 -5.0701e-14 3.17586e-09
2.91556e-09 2.72012e-10 3.17694e-09
7.02321e-12 5.77204e-10 2.90783e-09
2.84062e-10 8.66872e-10 2.93454e-09
2.94177e-10 5.97209e-10 3.20907e-09
-2.012e-11 8.64126e-10 3.19167e-09
5.85736e-10 5.97559e-10 2.88054e-09
8.54199e-10 8.5042e-10 2.91098e-09
8.81912e-10 6.02224e-10 3.19989e-09
5.9936e-10 8.75166e-10 3.18032e-09
1.16454e-09 5.63675e-10 2.93585e-09
1.46477e-09 8.76221e-10 2.88689e-09
1.4319e-09 5.90093e-10 3.16637e-09
1.12933e-09 8.89408e-10 3.1809e-09
1.74024e-09 5.68009e-10 2.88689e-09
2.01005e-09 8.68848e-10 2.90729e-09
1.98916e-09 5.93589e-10 3.19629e-09
1.74756e-09 8.8664e-10 3.19322e-09
2.29258e-09 5.77348e-10 2.88808e-09
2.62446e-09 8.42959e-10 2.89674e-09
2.58457e-09 5.52655e-10 3.18869e-09
2.32909e-09 8.78321e-10 3.15657e-09
2.89602e-09 5.43917e-10 2.88369e-09
3.23527e-09 8.81691e-10 2.90807e-09
3.19389e-09 5.79146e-10 3.18225e-09
2.87841e-09 8.70357e-10 3.20865e-09
2.02894e-11 1.14414e-09 2.90606e-09
2.79928e-10 1.44965e-09 2.88767e-09
2.85609e-10 1.16528e-09 3.16718e-09
-2.00309e-11 1.43724e-09 3.18973e-09
5.59113e-10 1.15136e-09 2.89944e-09
8.55393e-10 1.41783e-09 2.88607e-09
8.48964e-10 1.15689e-09 3.18532e-09
5.68792e-10 1.44785e-09 3.19008e-09
1.15505e-09 1.12358e-09 2.88493e-09
1.47845e-09 1.44133e-09 2.8987e-09
1.46397e-09 1.16687e-09 3.19302e-09
1.11149e-09 1.47334e-09 3.18489e-09
1.73645e-09 1.16152e-09 2.88188e-09
2.04587e-09 1.42498e-09 2.92476e-09
2.00889e-09 1.12669e-09 3.18963e-09
1.72606e-09 1.45707e-09 3.16506e-09
2.32036e-09 1.15217e-09 2.90818e-09
2.5971e-09 1.47524e-09 2.88189e-09
2.62809e-09 1.17284e-09 3.18092e-09
2.27768e-09 1.4381e-09 3.1685e-09
2.87493e-09 1.16148e-09 2.8716e-09
3.19192e-09 1.43617e-09 2.91662e-09
3.1686e-09 1.15066e-09 3.19873e-09
2.90237e-09 1.45496e-09 3.17649e-09
1.25132e-11 1.73856e-09 2.92775e-09
3.00145e-10 2.02714e-09 2.89848e-09
2.9939e-10 1.77721e-09 3.1919e-09
1.40469e-11 2.02238e-09 3.17867e-09
5.95968e-10 1.75595e-09 2.87515e-09
8.88112e-10 2.02808e-09 2.88482e-09
8.96658e-10 1.75094e-09 3.21347e-09
5.79329e-10 2.03813e-09 3.19e-09
1.1632e-09 1.73229e-09 2.90801e-09
1.44178e-09 2.03042e-09 2.88364e-09
1.44498e-09 1.76951e-09 3.17926e-09
1.15944e-09 2.04413e-09 3.20378e-09
1.7512e-09 1.72925e-09 2.90622e-09
2.02577e-09 1.99645e-09 2.90695e-09
2.04982e-09 1.73879e-09 3.17338e-09
1.73012e-09 2.02406e-09 3.19552e-09
2.32505e-09 1.73208e-09 2.88641e-09
2.59105e-09 2.03275e-09 2.85405e-09
2.58475e-09 1.74426e-09 3.18874e-09
2.32269e-09 2.00822e-09 3.18365e-09
2.86915e-09 1.73462e-09 2.91554e-09
3.18812e-09 2.04206e-09 2.90454e-09
3.19416e-09 1.7228e-09 3.18262e-09
2.87927e-09 2.03581e-09 3.19161e-09
-1.45528e-11 2.31772e-09 2.93349e-09
2.91792e-10 2.61986e-09 2.9018e-09
2.79855e-10 2.31499e-09 3.2002e-09
-7.63046e-12 2.59537e-09 3.18739e-09
5.78377e-10 2.33485e-09 2.90946e-09
8.64318e-10 2.62249e-09 2.89334e-09
8.47918e-10 2.34135e-09 3.18906e-09
5.40259e-10 2.57411e-09 3.18259e-09
1.18321e-09 2.30132e-09 2.88921e-09
1.44257e-09 2.62078e-09 2.86833e-09
1.4211e-09 2.32732e-09 3.18771e-09
1.1376e-09 2.62043e-09 3.19375e-09
1.77399e-09 2.3266e-09 2.88014e-09
2.05305e-09 2.5879e-09 2.89639e-09
2.01569e-09 2.32715e-09 3.18432e-09
1.75202e-09 2.60149e-09 3.19942e-09
2.31752e-09 2.32792e-09 2.89532e-09
2.59597e-09 2.58099e-09 2.91569e-09
2.60084e-09 2.3299e-09 3.16815e-09
2.33955e-09 2.60591e-09 3.17475e-09
2.89436e-09 2.34077e-09 2.89462e-09
3.1954e-09 2.60935e-09 2.91846e-09
3.18575e-09 2.32709e-09 3.18571e-09
2.91997e-09 2.60691e-09 3.20596e-09
-2.23294e-11 2.90629e-09 2.91497e-09
2.93013e-10 3.20167e-09 2.87782e-09
2.95231e-10 2.8766e-09 3.19158e-09
-3.12561e-12 3.18708e-09 3.18116e-09
5.65177e-10 2.89981e-09 2.89349e-09
8.56619e-10 3.1778e-09 2.92581e-09
8.85246e-10 2.8969e-09 3.18481e-09
5.69384e-10 3.17791e-09 3.17591e-09
1.16838e-09 2.94384e-09 2.91336e-09
1.46104e-09 3.1794e-09 2.91582e-09
1.46014e-09 2.91696e-09 3.20996e-09
1.18172e-09 3.192e-09 3.17244e-09
1.74541e-09 2.90761e-09 2.87681e-09
2.02184e-09 3.19519e-09 2.91411e-09
2.05378e-09 2.90929e-09 3.16856e-09
1.73747e-09 3.20583e-09 3.17446e-09
2.31451e-09 2.88868e-09 2.89878e-09
2.58174e-09 3.20581e-09 2.88416e-09
2.60903e-09 2.90837e-09 3.19652e-09
2.31427e-09 3.15586e-09 3.21047e-09
2.91097e-09 2.90462e-09 2.91108e-09
3.19162e-09 3.16077e-09 2.89927e-09
3.15547e-09 2.91936e-09 3.18649e-09
2.89176e-09 3.19597e-09 3.19487e-09
