0
0
0
0
0
0
0
0
0
0
0
0
0
0
0
0
0
0
0
0
0
0
0
0
0
0
0
0
0
0
0
0
0
0
0
0
0
0
0
0
0
0
0
0
0
0
0
0
71127.6
136566
410034
567742
1.18369e+06
1.94361e+06
3.57689e+06
4.48119e+06
6.34182e+06
7.08465e+06
7.37007e+06
7.38436e+06
6.70802e+06
5.39681e+06
4.09045e+06
2.66596e+06
1.63884e+06
779966
482387
220329
89143.1
0
8415.72
8181.96
7957.81
30971
45217.7
88055.7
207274
410884
610906
1.07214e+06
1.40068e+06
1.81993e+06
1.78837e+06
1.84178e+06
1.75744e+06
1.48197e+06
1.11248e+06
857740
534054
344643
137892
84933.5
107550
153109
318506
752159
1.19032e+06
1.93165e+06
2.91439e+06
3.92503e+06
4.688e+06
5.05082e+06
5.25532e+06
4.57246e+06
3.65417e+06
2.78475e+06
1.9435e+06
1.17998e+06
689312
408161
246650
437389
542017
789021
1.14859e+06
1.51759e+06
1.86457e+06
2.03292e+06
1.79322e+06
1.68718e+06
1.23006e+06
1.09939e+06
674555
526552
477649
549740
946241
1.30455e+06
1.95056e+06
2.42937e+06
2.95474e+06
3.08413e+06
2.94722e+06
2.6568e+06
2.29142e+06
1.39427e+06
1.01697e+06
721252
508079
451384
500074
612110
791000
828765
863409
837751
769834
674836
637326
860896
1.28532e+06
1.82243e+06
2.66373e+06
3.32503e+06
4.09872e+06
4.35063e+06
4.34815e+06
4.01152e+06
3.11856e+06
2.49589e+06
1.52797e+06
1.09053e+06
739751
525750
471458
520755
550731
494976
546575
534321
641744
813473
1.13863e+06
1.65357e+06
2.07013e+06
2.39427e+06
2.61831e+06
2.53446e+06
2.33285e+06
1.85904e+06
1.57274e+06
1.39293e+06
1.27598e+06
1.37267e+06
1.51512e+06
1.58999e+06
1.58983e+06
1.56696e+06
1.35379e+06
1.16482e+06
1.09499e+06
1.07104e+06
1.24054e+06
1.36852e+06
1.43298e+06
1.42383e+06
1.37146e+06
1.3426e+06
1.18367e+06
1.0804e+06
1.01138e+06
1.22904e+06
1.30874e+06
1.40297e+06
1.4603e+06
1.50951e+06
1.66659e+06
1.91384e+06
2.18226e+06
2.68946e+06
3.2568e+06
3.45891e+06
3.53574e+06
3.38891e+06
2.93919e+06
2.29049e+06
1.57955e+06
1.03276e+06
584385
395887
286486
302661
441049
710096
1.09966e+06
1.47655e+06
1.81414e+06
2.0528e+06
2.07012e+06
1.99574e+06
1.75408e+06
1.42598e+06
1.11969e+06
931367
787283
767035
780754
858732
1.05965e+06
1.31772e+06
1.62354e+06
1.75356e+06
1.95821e+06
1.89277e+06
1.87662e+06
1.71007e+06
1.60054e+06
1.52959e+06
1.4543e+06
1.47022e+06
1.36185e+06
1.42511e+06
1.66971e+06
1.89545e+06
2.28485e+06
2.43104e+06
2.29577e+06
1.95625e+06
1.70953e+06
1.55476e+06
1.38751e+06
1.24418e+06
1.03682e+06
783174
569794
607048
825714
1.1282e+06
1.36234e+06
1.54345e+06
1.66812e+06
1.55144e+06
1.40544e+06
1.2744e+06
1.15355e+06
964431
781293
633901
692993
850282
1.00212e+06
980766
748982
468395
258910
190900
234415
341589
478936
667783
877319
1.11695e+06
1.35965e+06
1.61504e+06
1.68077e+06
1.72738e+06
1.58014e+06
1.43721e+06
1.22667e+06
999787
831943
738084
782581
863259
986170
1.0967e+06
1.11627e+06
1.09973e+06
1.10888e+06
1.11133e+06
956669
774224
502429
278768
103610
47064.7
18790.6
10788.5
11545.6
31551.9
64339.5
112906
225219
358126
494557
594170
640761
593955
436072
292420
157389
108862
101019
145168
231032
338911
425927
529534
606357
657953
649404
690081
617594
592024
623837
622684
626063
609302
526253
423596
291457
201100
99643.7
28117.5
15643.8
28795
38178.2
73638.8
111633
162473
170264
133474
84990.8
19310.7
2203.84
0
0
0
0
0
0
0
0
0
0
2076.61
3836.1
8218.65
18978.3
32819.5
67316.7
107775
157817
213877
255206
286252
279453
247648
203696
165981
80371.5
36023.6
14661.9
3781.94
537.542
0
0
0
0
0
0
0
0
0
0
0
0
0
0
0
0
0
0
0
0
0
0
0
0
0
0
0
937.31
699.666
2553.37
4851.73
11957.5
12130.5
22553.3
21314.6
13767.7
6065.67
1565.32
0
0
0
0
0
0
0
0
0
0
0
0
0
0
0
0
0
0
0
0
0
0
0
0
0
0
0
0
0
0
0
0
0
0
0
0
0
0
0
0
0
0
0
0
0
0
0
0
0
0
0
0
0
0
0
0
0
0
0
0
0
0
0
0
0
0
0
