3.45625e-10 3.45625e-10 3.45625e-10 
6.35447e-10 6.35447e-10 3.45625e-10 
6.35447e-10 3.45625e-10 6.35447e-10 
3.45625e-10 6.35447e-10 6.35447e-10 
9.64309e-10 3.84666e-10 3.84666e-10 
1.25413e-09 6.74488e-10 3.84666e-10 
1.25413e-09 3.84666e-10 6.74488e-10 
9.64309e-10 6.74488e-10 6.74488e-10 
1.58424e-09 4.24951e-10 4.24951e-10 
1.87406e-09 7.14773e-10 4.24951e-10 
1.87406e-09 4.24951e-10 7.14773e-10 
1.58424e-09 7.14773e-10 7.14773e-10 
1.86273e-09 1.23802e-10 1.23802e-10 
2.15255e-09 4.13623e-10 1.23802e-10 
2.15255e-09 1.23802e-10 4.13623e-10 
1.86273e-09 4.13623e-10 4.13623e-10 
2.68437e-09 3.65792e-10 3.65792e-10 
2.97419e-09 6.55614e-10 3.65792e-10 
2.97419e-09 3.65792e-10 6.55614e-10 
2.68437e-09 6.55614e-10 6.55614e-10 
3.378e-09 4.79779e-10 4.79779e-10 
3.66782e-09 7.69601e-10 4.79779e-10 
3.66782e-09 4.79779e-10 7.69601e-10 
3.378e-09 7.69601e-10 7.69601e-10 
8.91942e-11 6.68838e-10 8.91942e-11 
3.79016e-10 9.58659e-10 8.91942e-11 
3.79016e-10 6.68838e-10 3.79016e-10 
8.91942e-11 9.58659e-10 3.79016e-10 
9.01083e-10 9.01083e-10 3.2144e-10 
1.19091e-09 1.19091e-09 3.2144e-10 
1.19091e-09 9.01083e-10 6.11262e-10 
9.01083e-10 1.19091e-09 6.11262e-10 
1.30774e-09 7.28101e-10 1.48457e-10 
1.59757e-09 1.01792e-09 1.48457e-10 
1.59757e-09 7.28101e-10 4.38279e-10 
1.30774e-09 1.01792e-09 4.38279e-10 
2.17691e-09 1.01762e-09 4.3798e-10 
2.46673e-09 1.30744e-09 4.3798e-10 
2.46673e-09 1.01762e-09 7.27801e-10 
2.17691e-09 1.30744e-09 7.27801e-10 
2.82769e-09 1.08876e-09 5.09115e-10 
3.11751e-09 1.37858e-09 5.09115e-10 
3.11751e-09 1.08876e-09 7.98937e-10 
2.82769e-09 1.37858e-09 7.98937e-10 
3.17438e-09 8.5581e-10 2.76167e-10 
3.4642e-09 1.14563e-09 2.76167e-10 
3.4642e-09 8.5581e-10 5.65988e-10 
3.17438e-09 1.14563e-09 5.65988e-10 
5.2047e-10 1.67976e-09 5.2047e-10 
8.10291e-10 1.96958e-09 5.2047e-10 
8.10291e-10 1.67976e-09 8.10291e-10 
5.2047e-10 1.96958e-09 8.10291e-10 
1.04993e-09 1.62958e-09 4.70291e-10 
1.33976e-09 1.9194e-09 4.70291e-10 
1.33976e-09 1.62958e-09 7.60113e-10 
1.04993e-09 1.9194e-09 7.60113e-10 
1.21149e-09 1.21149e-09 5.22014e-11 
1.50131e-09 1.50131e-09 5.22014e-11 
1.50131e-09 1.21149e-09 3.42023e-10 
1.21149e-09 1.50131e-09 3.42023e-10 
2.30612e-09 1.72647e-09 5.67188e-10 
2.59594e-09 2.0163e-09 5.67188e-10 
2.59594e-09 1.72647e-09 8.5701e-10 
2.30612e-09 2.0163e-09 8.5701e-10 
2.46248e-09 1.30319e-09 1.43906e-10 
2.7523e-09 1.59301e-09 1.43906e-10 
2.7523e-09 1.30319e-09 4.33728e-10 
2.46248e-09 1.59301e-09 4.33728e-10 
3.0676e-09 1.32867e-09 1.69383e-10 
3.35742e-09 1.61849e-09 1.69383e-10 
3.35742e-09 1.32867e-09 4.59205e-10 
3.0676e-09 1.61849e-09 4.59205e-10 
3.48871e-10 2.0878e-09 3.48871e-10 
6.38693e-10 2.37762e-09 3.48871e-10 
6.38693e-10 2.0878e-09 6.38693e-10 
3.48871e-10 2.37762e-09 6.38693e-10 
6.49397e-10 1.80868e-09 6.97535e-11 
9.39218e-10 2.09851e-09 6.97535e-11 
9.39218e-10 1.80868e-09 3.59575e-10 
6.49397e-10 2.09851e-09 3.59575e-10 
1.35658e-09 1.93622e-09 1.97295e-10 
1.6464e-09 2.22605e-09 1.97295e-10 
1.6464e-09 1.93622e-09 4.87116e-10 
1.35658e-09 2.22605e-09 4.87116e-10 
1.87911e-09 1.87911e-09 1.40184e-10 
2.16894e-09 2.16894e-09 1.40184e-10 
2.16894e-09 1.87911e-09 4.30005e-10 
1.87911e-09 2.16894e-09 4.30005e-10 
2.8829e-09 2.30326e-09 5.64327e-10 
3.17272e-09 2.59308e-09 5.64327e-10 
3.17272e-09 2.30326e-09 8.54149e-10 
2.8829e-09 2.59308e-09 8.54149e-10 
3.05094e-09 1.89166e-09 1.52727e-10 
3.34077e-09 2.18148e-09 1.52727e-10 
3.34077e-09 1.89166e-09 4.42548e-10 
3.05094e-09 2.18148e-09 4.42548e-10 
5.25393e-10 2.84397e-09 5.25393e-10 
8.15215e-10 3.13379e-09 5.25393e-10 
8.15215e-10 2.84397e-09 8.15215e-10 
5.25393e-10 3.13379e-09 8.15215e-10 
1.06825e-09 2.80718e-09 4.88608e-10 
1.35807e-09 3.097e-09 4.88608e-10 
1.35807e-09 2.80718e-09 7.7843e-10 
1.06825e-09 3.097e-09 7.7843e-10 
1.19365e-09 2.35294e-09 3.43624e-11 
1.48347e-09 2.64276e-09 3.43624e-11 
1.48347e-09 2.35294e-09 3.24184e-10 
1.19365e-09 2.64276e-09 3.24184e-10 
1.77592e-09 2.35557e-09 3.69935e-11 
2.06575e-09 2.64539e-09 3.69935e-11 
2.06575e-09 2.35557e-09 3.26815e-10 
1.77592e-09 2.64539e-09 3.26815e-10 
2.82238e-09 2.82238e-09 5.03802e-10 
3.1122e-09 3.1122e-09 5.03802e-10 
3.1122e-09 2.82238e-09 7.93624e-10 
2.82238e-09 3.1122e-09 7.93624e-10 
3.00394e-09 2.42429e-09 1.05721e-10 
3.29376e-09 2.71412e-09 1.05721e-10 
3.29376e-09 2.42429e-09 3.95542e-10 
3.00394e-09 2.71412e-09 3.95542e-10 
5.54521e-10 3.45274e-09 5.54521e-10 
8.44343e-10 3.74256e-09 5.54521e-10 
8.44343e-10 3.45274e-09 8.44343e-10 
5.54521e-10 3.74256e-09 8.44343e-10 
8.49427e-10 3.168e-09 2.69784e-10 
1.13925e-09 3.45782e-09 2.69784e-10 
1.13925e-09 3.168e-09 5.59606e-10 
8.49427e-10 3.45782e-09 5.59606e-10 
1.64967e-09 3.3886e-09 4.90387e-10 
1.9395e-09 3.67843e-09 4.90387e-10 
1.9395e-09 3.3886e-09 7.80209e-10 
1.64967e-09 3.67843e-09 7.80209e-10 
2.13876e-09 3.29805e-09 3.99829e-10 
2.42858e-09 3.58787e-09 3.99829e-10 
2.42858e-09 3.29805e-09 6.89651e-10 
2.13876e-09 3.58787e-09 6.89651e-10 
2.71216e-09 3.2918e-09 3.93586e-10 
3.00198e-09 3.58162e-09 3.93586e-10 
3.00198e-09 3.2918e-09 6.83408e-10 
2.71216e-09 3.58162e-09 6.83408e-10 
3.17475e-09 3.17475e-09 2.76536e-10 
3.46457e-09 3.46457e-09 2.76536e-10 
3.46457e-09 3.17475e-09 5.66357e-10 
3.17475e-09 3.46457e-09 5.66357e-10 
2.99965e-10 2.99965e-10 8.79608e-10 
5.89786e-10 5.89786e-10 8.79608e-10 
5.89786e-10 2.99965e-10 1.16943e-09 
2.99965e-10 5.89786e-10 1.16943e-09 
1.06242e-09 4.8278e-10 1.06242e-09 
1.35225e-09 7.72602e-10 1.06242e-09 
1.35225e-09 4.8278e-10 1.35225e-09 
1.06242e-09 7.72602e-10 1.35225e-09 
1.17762e-09 1.83325e-11 5.97976e-10 
1.46744e-09 3.08154e-10 5.97976e-10 
1.46744e-09 1.83325e-11 8.87797e-10 
1.17762e-09 3.08154e-10 8.87797e-10 
2.18735e-09 4.48422e-10 1.02807e-09 
2.47717e-09 7.38244e-10 1.02807e-09 
2.47717e-09 4.48422e-10 1.31789e-09 
2.18735e-09 7.38244e-10 1.31789e-09 
2.65969e-09 3.41116e-10 9.2076e-10 
2.94951e-09 6.30938e-10 9.2076e-10 
2.94951e-09 3.41116e-10 1.21058e-09 
2.65969e-09 6.30938e-10 1.21058e-09 
3.42566e-09 5.27447e-10 1.10709e-09 
3.71549e-09 8.17269e-10 1.10709e-09 
3.71549e-09 5.27447e-10 1.39691e-09 
3.42566e-09 8.17269e-10 1.39691e-09 
1.44945e-10 7.24588e-10 7.24588e-10 
4.34767e-10 1.01441e-09 7.24588e-10 
4.34767e-10 7.24588e-10 1.01441e-09 
1.44945e-10 1.01441e-09 1.01441e-09 
8.61586e-10 8.61586e-10 8.61586e-10 
1.15141e-09 1.15141e-09 8.61586e-10 
1.15141e-09 8.61586e-10 1.15141e-09 
8.61586e-10 1.15141e-09 1.15141e-09 
1.57738e-09 9.97739e-10 9.97739e-10 
1.8672e-09 1.28756e-09 9.97739e-10 
1.8672e-09 9.97739e-10 1.28756e-09 
1.57738e-09 1.28756e-09 1.28756e-09 
1.93608e-09 7.7679e-10 7.7679e-10 
2.2259e-09 1.06661e-09 7.7679e-10 
2.2259e-09 7.7679e-10 1.06661e-09 
1.93608e-09 1.06661e-09 1.06661e-09 
2.58806e-09 8.49131e-10 8.49131e-10 
2.87788e-09 1.13895e-09 8.49131e-10 
2.87788e-09 8.49131e-10 1.13895e-09 
2.58806e-09 1.13895e-09 1.13895e-09 
3.46022e-09 1.14164e-09 1.14164e-09 
3.75004e-09 1.43147e-09 1.14164e-09 
3.75004e-09 1.14164e-09 1.43147e-09 
3.46022e-09 1.43147e-09 1.43147e-09 
3.66529e-10 1.52582e-09 9.46173e-10 
6.56351e-10 1.81564e-09 9.46173e-10 
6.56351e-10 1.52582e-09 1.23599e-09 
3.66529e-10 1.81564e-09 1.23599e-09 
6.18359e-10 1.198e-09 6.18359e-10 
9.0818e-10 1.48782e-09 6.18359e-10 
9.0818e-10 1.198e-09 9.0818e-10 
6.18359e-10 1.48782e-09 9.0818e-10 
1.2114e-09 1.2114e-09 6.31755e-10 
1.50122e-09 1.50122e-09 6.31755e-10 
1.50122e-09 1.2114e-09 9.21577e-10 
1.2114e-09 1.50122e-09 9.21577e-10 
2.30275e-09 1.72311e-09 1.14347e-09 
2.59258e-09 2.01293e-09 1.14347e-09 
2.59258e-09 1.72311e-09 1.43329e-09 
2.30275e-09 2.01293e-09 1.43329e-09 
2.49747e-09 1.33819e-09 7.58542e-10 
2.78729e-09 1.62801e-09 7.58542e-10 
2.78729e-09 1.33819e-09 1.04836e-09 
2.49747e-09 1.62801e-09 1.04836e-09 
2.93501e-09 1.19608e-09 6.16438e-10 
3.22483e-09 1.4859e-09 6.16438e-10 
3.22483e-09 1.19608e-09 9.0626e-10 
2.93501e-09 1.4859e-09 9.0626e-10 
1.36907e-10 1.87584e-09 7.16551e-10 
4.26729e-10 2.16566e-09 7.16551e-10 
4.26729e-10 1.87584e-09 1.00637e-09 
1.36907e-10 2.16566e-09 1.00637e-09 
7.04292e-10 1.86358e-09 7.04292e-10 
9.94114e-10 2.1534e-09 7.04292e-10 
9.94114e-10 1.86358e-09 9.94114e-10 
7.04292e-10 2.1534e-09 9.94114e-10 
1.68469e-09 2.26433e-09 1.10505e-09 
1.97451e-09 2.55416e-09 1.10505e-09 
1.97451e-09 2.26433e-09 1.39487e-09 
1.68469e-09 2.55416e-09 1.39487e-09 
1.9102e-09 1.9102e-09 7.50913e-10 
2.20002e-09 2.20002e-09 7.50913e-10 
2.20002e-09 1.9102e-09 1.04073e-09 
1.9102e-09 2.20002e-09 1.04073e-09 
2.48022e-09 1.90057e-09 7.41286e-10 
2.77004e-09 2.19039e-09 7.41286e-10 
2.77004e-09 1.90057e-09 1.03111e-09 
2.48022e-09 2.19039e-09 1.03111e-09 
3.34778e-09 2.18849e-09 1.02921e-09 
3.6376e-09 2.47831e-09 1.02921e-09 
3.6376e-09 2.18849e-09 1.31903e-09 
3.34778e-09 2.47831e-09 1.31903e-09 
2.76991e-10 2.59556e-09 8.56634e-10 
5.66812e-10 2.88539e-09 8.56634e-10 
5.66812e-10 2.59556e-09 1.14646e-09 
2.76991e-10 2.88539e-09 1.14646e-09 
7.16163e-10 2.45509e-09 7.16163e-10 
1.00599e-09 2.74492e-09 7.16163e-10 
1.00599e-09 2.45509e-09 1.00599e-09 
7.16163e-10 2.74492e-09 1.00599e-09 
1.29899e-09 2.45828e-09 7.19346e-10 
1.58881e-09 2.7481e-09 7.19346e-10 
1.58881e-09 2.45828e-09 1.00917e-09 
1.29899e-09 2.7481e-09 1.00917e-09 
1.92666e-09 2.50631e-09 7.67378e-10 
2.21649e-09 2.79613e-09 7.67378e-10 
2.21649e-09 2.50631e-09 1.0572e-09 
1.92666e-09 2.79613e-09 1.0572e-09 
2.85492e-09 2.85492e-09 1.11599e-09 
3.14474e-09 3.14474e-09 1.11599e-09 
3.14474e-09 2.85492e-09 1.40581e-09 
2.85492e-09 3.14474e-09 1.40581e-09 
3.43151e-09 2.85186e-09 1.11293e-09 
3.72133e-09 3.14168e-09 1.11293e-09 
3.72133e-09 2.85186e-09 1.40275e-09 
3.43151e-09 3.14168e-09 1.40275e-09 
4.6427e-10 3.36249e-09 1.04391e-09 
7.54092e-10 3.65231e-09 1.04391e-09 
7.54092e-10 3.36249e-09 1.33373e-09 
4.6427e-10 3.65231e-09 1.33373e-09 
8.36314e-10 3.15489e-09 8.36314e-10 
1.12614e-09 3.44471e-09 8.36314e-10 
1.12614e-09 3.15489e-09 1.12614e-09 
8.36314e-10 3.44471e-09 1.12614e-09 
1.59571e-09 3.33464e-09 1.01607e-09 
1.88553e-09 3.62446e-09 1.01607e-09 
1.88553e-09 3.33464e-09 1.30589e-09 
1.59571e-09 3.62446e-09 1.30589e-09 
2.22153e-09 3.38082e-09 1.06225e-09 
2.51135e-09 3.67064e-09 1.06225e-09 
2.51135e-09 3.38082e-09 1.35207e-09 
2.22153e-09 3.67064e-09 1.35207e-09 
2.44402e-09 3.02367e-09 7.05092e-10 
2.73384e-09 3.31349e-09 7.05092e-10 
2.73384e-09 3.02367e-09 9.94914e-10 
2.44402e-09 3.31349e-09 9.94914e-10 
3.09612e-09 3.09612e-09 7.77542e-10 
3.38594e-09 3.38594e-09 7.77542e-10 
3.38594e-09 3.09612e-09 1.06736e-09 
3.09612e-09 3.38594e-09 1.06736e-09 
4.30407e-10 4.30407e-10 1.58969e-09 
7.20228e-10 7.20228e-10 1.58969e-09 
7.20228e-10 4.30407e-10 1.87951e-09 
4.30407e-10 7.20228e-10 1.87951e-09 
8.50037e-10 2.70394e-10 1.42968e-09 
1.13986e-09 5.60216e-10 1.42968e-09 
1.13986e-09 2.70394e-10 1.7195e-09 
8.50037e-10 5.60216e-10 1.7195e-09 
1.63913e-09 4.79842e-10 1.63913e-09 
1.92895e-09 7.69663e-10 1.63913e-09 
1.92895e-09 4.79842e-10 1.92895e-09 
1.63913e-09 7.69663e-10 1.92895e-09 
2.00779e-09 2.68859e-10 1.42815e-09 
2.29761e-09 5.5868e-10 1.42815e-09 
2.29761e-09 2.68859e-10 1.71797e-09 
2.00779e-09 5.5868e-10 1.71797e-09 
2.78611e-09 4.67541e-10 1.62683e-09 
3.07594e-09 7.57362e-10 1.62683e-09 
3.07594e-09 4.67541e-10 1.91665e-09 
2.78611e-09 7.57362e-10 1.91665e-09 
3.0679e-09 1.69686e-10 1.32897e-09 
3.35772e-09 4.59507e-10 1.32897e-09 
3.35772e-09 1.69686e-10 1.61879e-09 
3.0679e-09 4.59507e-10 1.61879e-09 
2.51217e-10 8.3086e-10 1.4105e-09 
5.41038e-10 1.12068e-09 1.4105e-09 
5.41038e-10 8.3086e-10 1.70033e-09 
2.51217e-10 1.12068e-09 1.70033e-09 
8.3407e-10 8.3407e-10 1.41371e-09 
1.12389e-09 1.12389e-09 1.41371e-09 
1.12389e-09 8.3407e-10 1.70354e-09 
8.3407e-10 1.12389e-09 1.70354e-09 
1.36769e-09 7.88044e-10 1.36769e-09 
1.65751e-09 1.07787e-09 1.36769e-09 
1.65751e-09 7.88044e-10 1.65751e-09 
1.36769e-09 1.07787e-09 1.65751e-09 
2.04226e-09 8.82972e-10 1.46261e-09 
2.33208e-09 1.17279e-09 1.46261e-09 
2.33208e-09 8.82972e-10 1.75244e-09 
2.04226e-09 1.17279e-09 1.75244e-09 
2.55718e-09 8.18251e-10 1.39789e-09 
2.847e-09 1.10807e-09 1.39789e-09 
2.847e-09 8.18251e-10 1.68772e-09 
2.55718e-09 1.10807e-09 1.68772e-09 
3.28552e-09 9.66943e-10 1.54659e-09 
3.57534e-09 1.25676e-09 1.54659e-09 
3.57534e-09 9.66943e-10 1.83641e-09 
3.28552e-09 1.25676e-09 1.83641e-09 
3.40123e-10 1.49941e-09 1.49941e-09 
6.29945e-10 1.78923e-09 1.49941e-09 
6.29945e-10 1.49941e-09 1.78923e-09 
3.40123e-10 1.78923e-09 1.78923e-09 
9.55158e-10 1.5348e-09 1.5348e-09 
1.24498e-09 1.82462e-09 1.5348e-09 
1.24498e-09 1.5348e-09 1.82462e-09 
9.55158e-10 1.82462e-09 1.82462e-09 
1.67124e-09 1.67124e-09 1.67124e-09 
1.96106e-09 1.96106e-09 1.67124e-09 
1.96106e-09 1.67124e-09 1.96106e-09 
1.67124e-09 1.96106e-09 1.96106e-09 
2.02481e-09 1.44517e-09 1.44517e-09 
2.31464e-09 1.73499e-09 1.44517e-09 
2.31464e-09 1.44517e-09 1.73499e-09 
2.02481e-09 1.73499e-09 1.73499e-09 
2.86536e-09 1.70607e-09 1.70607e-09 
3.15518e-09 1.99589e-09 1.70607e-09 
3.15518e-09 1.70607e-09 1.99589e-09 
2.86536e-09 1.99589e-09 1.99589e-09 
2.99216e-09 1.25323e-09 1.25323e-09 
3.28199e-09 1.54306e-09 1.25323e-09 
3.28199e-09 1.25323e-09 1.54306e-09 
2.99216e-09 1.54306e-09 1.54306e-09 
1.55803e-10 1.89473e-09 1.31509e-09 
4.45624e-10 2.18455e-09 1.31509e-09 
4.45624e-10 1.89473e-09 1.60491e-09 
1.55803e-10 2.18455e-09 1.60491e-09 
8.23776e-10 1.98306e-09 1.40342e-09 
1.1136e-09 2.27288e-09 1.40342e-09 
1.1136e-09 1.98306e-09 1.69324e-09 
8.23776e-10 2.27288e-09 1.69324e-09 
1.38975e-09 1.9694e-09 1.38975e-09 
1.67958e-09 2.25922e-09 1.38975e-09 
1.67958e-09 1.9694e-09 1.67958e-09 
1.38975e-09 2.25922e-09 1.67958e-09 
2.03444e-09 2.03444e-09 1.45479e-09 
2.32426e-09 2.32426e-09 1.45479e-09 
2.32426e-09 2.03444e-09 1.74461e-09 
2.03444e-09 2.32426e-09 1.74461e-09 
2.75044e-09 2.1708e-09 1.59115e-09 
3.04026e-09 2.46062e-09 1.59115e-09 
3.04026e-09 2.1708e-09 1.88097e-09 
2.75044e-09 2.46062e-09 1.88097e-09 
3.08539e-09 1.9261e-09 1.34646e-09 
3.37521e-09 2.21593e-09 1.34646e-09 
3.37521e-09 1.9261e-09 1.63628e-09 
3.08539e-09 2.21593e-09 1.63628e-09 
2.49151e-10 2.56772e-09 1.40844e-09 
5.38973e-10 2.85755e-09 1.40844e-09 
5.38973e-10 2.56772e-09 1.69826e-09 
2.49151e-10 2.85755e-09 1.69826e-09 
8.96137e-10 2.63507e-09 1.47578e-09 
1.18596e-09 2.92489e-09 1.47578e-09 
1.18596e-09 2.63507e-09 1.7656e-09 
8.96137e-10 2.92489e-09 1.7656e-09 
1.60313e-09 2.76242e-09 1.60313e-09 
1.89295e-09 3.05224e-09 1.60313e-09 
1.89295e-09 2.76242e-09 1.89295e-09 
1.60313e-09 3.05224e-09 1.89295e-09 
1.84486e-09 2.42451e-09 1.26522e-09 
2.13469e-09 2.71433e-09 1.26522e-09 
2.13469e-09 2.42451e-09 1.55504e-09 
1.84486e-09 2.71433e-09 1.55504e-09 
2.53803e-09 2.53803e-09 1.37874e-09 
2.82785e-09 2.82785e-09 1.37874e-09 
2.82785e-09 2.53803e-09 1.66856e-09 
2.53803e-09 2.82785e-09 1.66856e-09 
3.46751e-09 2.88787e-09 1.72858e-09 
3.75733e-09 3.17769e-09 1.72858e-09 
3.75733e-09 2.88787e-09 2.0184e-09 
3.46751e-09 3.17769e-09 2.0184e-09 
3.03832e-10 3.20205e-09 1.46312e-09 
5.93654e-10 3.49187e-09 1.46312e-09 
5.93654e-10 3.20205e-09 1.75294e-09 
3.03832e-10 3.49187e-09 1.75294e-09 
6.49859e-10 2.96843e-09 1.2295e-09 
9.39681e-10 3.25825e-09 1.2295e-09 
9.39681e-10 2.96843e-09 1.51932e-09 
6.49859e-10 3.25825e-09 1.51932e-09 
1.41933e-09 3.15826e-09 1.41933e-09 
1.70915e-09 3.44808e-09 1.41933e-09 
1.70915e-09 3.15826e-09 1.70915e-09 
1.41933e-09 3.44808e-09 1.70915e-09 
1.94296e-09 3.10225e-09 1.36332e-09 
2.23278e-09 3.39207e-09 1.36332e-09 
2.23278e-09 3.10225e-09 1.65314e-09 
1.94296e-09 3.39207e-09 1.65314e-09 
2.65765e-09 3.23729e-09 1.49836e-09 
2.94747e-09 3.52711e-09 1.49836e-09 
2.94747e-09 3.23729e-09 1.78818e-09 
2.65765e-09 3.52711e-09 1.78818e-09 
3.04616e-09 3.04616e-09 1.30723e-09 
3.33598e-09 3.33598e-09 1.30723e-09 
3.33598e-09 3.04616e-09 1.59705e-09 
3.04616e-09 3.33598e-09 1.59705e-09 
3.73716e-10 3.73716e-10 2.11265e-09 
6.63538e-10 6.63538e-10 2.11265e-09 
6.63538e-10 3.73716e-10 2.40247e-09 
3.73716e-10 6.63538e-10 2.40247e-09 
5.90291e-10 1.06476e-11 1.74958e-09 
8.80113e-10 3.00469e-10 1.74958e-09 
8.80113e-10 1.06476e-11 2.0394e-09 
5.90291e-10 3.00469e-10 2.0394e-09 
1.56165e-09 4.02368e-10 2.1413e-09 
1.85148e-09 6.9219e-10 2.1413e-09 
1.85148e-09 4.02368e-10 2.43112e-09 
1.56165e-09 6.9219e-10 2.43112e-09 
1.7414e-09 2.47387e-12 1.7414e-09 
2.03123e-09 2.92296e-10 1.7414e-09 
2.03123e-09 2.47387e-12 2.03123e-09 
1.7414e-09 2.92296e-10 2.03123e-09 
2.63255e-09 3.13976e-10 2.05291e-09 
2.92237e-09 6.03798e-10 2.05291e-09 
2.92237e-09 3.13976e-10 2.34273e-09 
2.63255e-09 6.03798e-10 2.34273e-09 
2.95955e-09 6.13323e-11 1.80026e-09 
3.24937e-09 3.51154e-10 1.80026e-09 
3.24937e-09 6.13323e-11 2.09008e-09 
2.95955e-09 3.51154e-10 2.09008e-09 
3.89774e-10 9.69417e-10 2.1287e-09 
6.79596e-10 1.25924e-09 2.1287e-09 
6.79596e-10 9.69417e-10 2.41853e-09 
3.89774e-10 1.25924e-09 2.41853e-09 
6.54099e-10 6.54099e-10 1.81339e-09 
9.43921e-10 9.43921e-10 1.81339e-09 
9.43921e-10 6.54099e-10 2.10321e-09 
6.54099e-10 9.43921e-10 2.10321e-09 
1.59613e-09 1.01649e-09 2.17578e-09 
1.88596e-09 1.30631e-09 2.17578e-09 
1.88596e-09 1.01649e-09 2.4656e-09 
1.59613e-09 1.30631e-09 2.4656e-09 
2.06101e-09 9.01723e-10 2.06101e-09 
2.35083e-09 1.19154e-09 2.06101e-09 
2.35083e-09 9.01723e-10 2.35083e-09 
2.06101e-09 1.19154e-09 2.35083e-09 
2.67891e-09 9.39983e-10 2.09927e-09 
2.96873e-09 1.2298e-09 2.09927e-09 
2.96873e-09 9.39983e-10 2.38909e-09 
2.67891e-09 1.2298e-09 2.38909e-09 
3.30221e-09 9.83632e-10 2.14292e-09 
3.59203e-09 1.27345e-09 2.14292e-09 
3.59203e-09 9.83632e-10 2.43274e-09 
3.30221e-09 1.27345e-09 2.43274e-09 
4.16027e-10 1.57531e-09 2.15496e-09 
7.05849e-10 1.86514e-09 2.15496e-09 
7.05849e-10 1.57531e-09 2.44478e-09 
4.16027e-10 1.86514e-09 2.44478e-09 
1.09579e-09 1.67543e-09 2.25507e-09 
1.38561e-09 1.96525e-09 2.25507e-09 
1.38561e-09 1.67543e-09 2.54489e-09 
1.09579e-09 1.96525e-09 2.54489e-09 
1.22776e-09 1.22776e-09 1.80741e-09 
1.51759e-09 1.51759e-09 1.80741e-09 
1.51759e-09 1.22776e-09 2.09723e-09 
1.22776e-09 1.51759e-09 2.09723e-09 
1.80578e-09 1.22614e-09 1.80578e-09 
2.0956e-09 1.51596e-09 1.80578e-09 
2.0956e-09 1.22614e-09 2.0956e-09 
1.80578e-09 1.51596e-09 2.0956e-09 
2.55058e-09 1.39129e-09 1.97093e-09 
2.8404e-09 1.68111e-09 1.97093e-09 
2.8404e-09 1.39129e-09 2.26076e-09 
2.55058e-09 1.68111e-09 2.26076e-09 
3.39856e-09 1.65963e-09 2.23927e-09 
3.68838e-09 1.94945e-09 2.23927e-09 
3.68838e-09 1.65963e-09 2.5291e-09 
3.39856e-09 1.94945e-09 2.5291e-09 
2.54025e-10 1.99295e-09 1.99295e-09 
5.43846e-10 2.28278e-09 1.99295e-09 
5.43846e-10 1.99295e-09 2.28278e-09 
2.54025e-10 2.28278e-09 2.28278e-09 
1.0608e-09 2.22009e-09 2.22009e-09 
1.35062e-09 2.50991e-09 2.22009e-09 
1.35062e-09 2.22009e-09 2.50991e-09 
1.0608e-09 2.50991e-09 2.50991e-09 
1.39648e-09 1.97612e-09 1.97612e-09 
1.6863e-09 2.26595e-09 1.97612e-09 
1.6863e-09 1.97612e-09 2.26595e-09 
1.39648e-09 2.26595e-09 2.26595e-09 
1.85716e-09 1.85716e-09 1.85716e-09 
2.14698e-09 2.14698e-09 1.85716e-09 
2.14698e-09 1.85716e-09 2.14698e-09 
1.85716e-09 2.14698e-09 2.14698e-09 
2.32602e-09 1.74638e-09 1.74638e-09 
2.61584e-09 2.0362e-09 1.74638e-09 
2.61584e-09 1.74638e-09 2.0362e-09 
2.32602e-09 2.0362e-09 2.0362e-09 
3.35486e-09 2.19558e-09 2.19558e-09 
3.64469e-09 2.4854e-09 2.19558e-09 
3.64469e-09 2.19558e-09 2.4854e-09 
3.35486e-09 2.4854e-09 2.4854e-09 
1.07875e-10 2.42645e-09 1.84681e-09 
3.97697e-10 2.71627e-09 1.84681e-09 
3.97697e-10 2.42645e-09 2.13663e-09 
1.07875e-10 2.71627e-09 2.13663e-09 
8.90921e-10 2.62985e-09 2.05021e-09 
1.18074e-09 2.91967e-09 2.05021e-09 
1.18074e-09 2.62985e-09 2.34003e-09 
8.90921e-10 2.91967e-09 2.34003e-09 
1.68615e-09 2.84544e-09 2.26579e-09 
1.97597e-09 3.13526e-09 2.26579e-09 
1.97597e-09 2.84544e-09 2.55561e-09 
1.68615e-09 3.13526e-09 2.55561e-09 
2.10685e-09 2.68649e-09 2.10685e-09 
2.39667e-09 2.97631e-09 2.10685e-09 
2.39667e-09 2.68649e-09 2.39667e-09 
2.10685e-09 2.97631e-09 2.39667e-09 
2.83388e-09 2.83388e-09 2.25424e-09 
3.1237e-09 3.1237e-09 2.25424e-09 
3.1237e-09 2.83388e-09 2.54406e-09 
2.83388e-09 3.1237e-09 2.54406e-09 
3.18451e-09 2.60487e-09 2.02522e-09 
3.47433e-09 2.89469e-09 2.02522e-09 
3.47433e-09 2.60487e-09 2.31505e-09 
3.18451e-09 2.89469e-09 2.31505e-09 
5.1586e-10 3.41408e-09 2.25479e-09 
8.05682e-10 3.7039e-09 2.25479e-09 
8.05682e-10 3.41408e-09 2.54461e-09 
5.1586e-10 3.7039e-09 2.54461e-09 
8.89025e-10 3.2076e-09 2.04831e-09 
1.17885e-09 3.49742e-09 2.04831e-09 
1.17885e-09 3.2076e-09 2.33813e-09 
8.89025e-10 3.49742e-09 2.33813e-09 
1.45623e-09 3.19516e-09 2.03587e-09 
1.74605e-09 3.48498e-09 2.03587e-09 
1.74605e-09 3.19516e-09 2.32569e-09 
1.45623e-09 3.48498e-09 2.32569e-09 
2.07751e-09 3.2368e-09 2.07751e-09 
2.36734e-09 3.52662e-09 2.07751e-09 
2.36734e-09 3.2368e-09 2.36734e-09 
2.07751e-09 3.52662e-09 2.36734e-09 
2.63043e-09 3.21007e-09 2.05079e-09 
2.92025e-09 3.49989e-09 2.05079e-09 
2.92025e-09 3.21007e-09 2.34061e-09 
2.63043e-09 3.49989e-09 2.34061e-09 
2.92949e-09 2.92949e-09 1.7702e-09 
3.21931e-09 3.21931e-09 1.7702e-09 
3.21931e-09 2.92949e-09 2.06003e-09 
2.92949e-09 3.21931e-09 2.06003e-09 
3.99917e-10 3.99917e-10 2.71849e-09 
6.89739e-10 6.89739e-10 2.71849e-09 
6.89739e-10 3.99917e-10 3.00831e-09 
3.99917e-10 6.89739e-10 3.00831e-09 
7.01629e-10 1.21986e-10 2.44056e-09 
9.91451e-10 4.11807e-10 2.44056e-09 
9.91451e-10 1.21986e-10 2.73038e-09 
7.01629e-10 4.11807e-10 2.73038e-09 
1.26502e-09 1.0573e-10 2.4243e-09 
1.55484e-09 3.95551e-10 2.4243e-09 
1.55484e-09 1.0573e-10 2.71412e-09 
1.26502e-09 3.95551e-10 2.71412e-09 
1.99605e-09 2.57121e-10 2.57569e-09 
2.28587e-09 5.46943e-10 2.57569e-09 
2.28587e-09 2.57121e-10 2.86552e-09 
1.99605e-09 5.46943e-10 2.86552e-09 
2.76264e-09 4.44065e-10 2.76264e-09 
3.05246e-09 7.33887e-10 2.76264e-09 
3.05246e-09 4.44065e-10 3.05246e-09 
2.76264e-09 7.33887e-10 3.05246e-09 
3.36429e-09 4.66069e-10 2.78464e-09 
3.65411e-09 7.55891e-10 2.78464e-09 
3.65411e-09 4.66069e-10 3.07446e-09 
3.36429e-09 7.55891e-10 3.07446e-09 
8.14666e-11 6.6111e-10 2.40004e-09 
3.71288e-10 9.50932e-10 2.40004e-09 
3.71288e-10 6.6111e-10 2.68986e-09 
8.14666e-11 9.50932e-10 2.68986e-09 
8.60092e-10 8.60092e-10 2.59902e-09 
1.14991e-09 1.14991e-09 2.59902e-09 
1.14991e-09 8.60092e-10 2.88884e-09 
8.60092e-10 1.14991e-09 2.88884e-09 
1.56185e-09 9.82211e-10 2.72114e-09 
1.85168e-09 1.27203e-09 2.72114e-09 
1.85168e-09 9.82211e-10 3.01096e-09 
1.56185e-09 1.27203e-09 3.01096e-09 
1.88887e-09 7.29588e-10 2.46852e-09 
2.1787e-09 1.01941e-09 2.46852e-09 
2.1787e-09 7.29588e-10 2.75834e-09 
1.88887e-09 1.01941e-09 2.75834e-09 
2.66587e-09 9.26943e-10 2.66587e-09 
2.95569e-09 1.21676e-09 2.66587e-09 
2.95569e-09 9.26943e-10 2.95569e-09 
2.66587e-09 1.21676e-09 2.95569e-09 
2.95315e-09 6.34572e-10 2.3735e-09 
3.24297e-09 9.24394e-10 2.3735e-09 
3.24297e-09 6.34572e-10 2.66332e-09 
2.95315e-09 9.24394e-10 2.66332e-09 
7.06458e-11 1.22993e-09 2.38922e-09 
3.60468e-10 1.51975e-09 2.38922e-09 
3.60468e-10 1.22993e-09 2.67904e-09 
7.06458e-11 1.51975e-09 2.67904e-09 
6.01324e-10 1.18097e-09 2.34025e-09 
8.91146e-10 1.47079e-09 2.34025e-09 
8.91146e-10 1.18097e-09 2.63008e-09 
6.01324e-10 1.47079e-09 2.63008e-09 
1.69537e-09 1.69537e-09 2.85466e-09 
1.98519e-09 1.98519e-09 2.85466e-09 
1.98519e-09 1.69537e-09 3.14448e-09 
1.69537e-09 1.98519e-09 3.14448e-09 
2.04677e-09 1.46713e-09 2.62641e-09 
2.33659e-09 1.75695e-09 2.62641e-09 
2.33659e-09 1.46713e-09 2.91624e-09 
2.04677e-09 1.75695e-09 2.91624e-09 
2.45848e-09 1.29919e-09 2.45848e-09 
2.7483e-09 1.58901e-09 2.45848e-09 
2.7483e-09 1.29919e-09 2.7483e-09 
2.45848e-09 1.58901e-09 2.7483e-09 
3.44175e-09 1.70282e-09 2.8621e-09 
3.73157e-09 1.99264e-09 2.8621e-09 
3.73157e-09 1.70282e-09 3.15193e-09 
3.44175e-09 1.99264e-09 3.15193e-09 
1.84844e-10 1.92377e-09 2.50342e-09 
4.74665e-10 2.2136e-09 2.50342e-09 
4.74665e-10 1.92377e-09 2.79324e-09 
1.84844e-10 2.2136e-09 2.79324e-09 
8.27425e-10 1.98671e-09 2.56635e-09 
1.11725e-09 2.27653e-09 2.56635e-09 
1.11725e-09 1.98671e-09 2.85618e-09 
8.27425e-10 2.27653e-09 2.85618e-09 
1.43445e-09 2.01409e-09 2.59374e-09 
1.72427e-09 2.30392e-09 2.59374e-09 
1.72427e-09 2.01409e-09 2.88356e-09 
1.43445e-09 2.30392e-09 2.88356e-09 
1.87099e-09 1.87099e-09 2.45064e-09 
2.16081e-09 2.16081e-09 2.45064e-09 
2.16081e-09 1.87099e-09 2.74046e-09 
1.87099e-09 2.16081e-09 2.74046e-09 
2.35463e-09 1.77499e-09 2.35463e-09 
2.64445e-09 2.06481e-09 2.35463e-09 
2.64445e-09 1.77499e-09 2.64445e-09 
2.35463e-09 2.06481e-09 2.64445e-09 
3.10905e-09 1.94976e-09 2.5294e-09 
3.39887e-09 2.23958e-09 2.5294e-09 
3.39887e-09 1.94976e-09 2.81923e-09 
3.10905e-09 2.23958e-09 2.81923e-09 
4.18356e-10 2.73693e-09 2.73693e-09 
7.08178e-10 3.02675e-09 2.73693e-09 
7.08178e-10 2.73693e-09 3.02675e-09 
4.18356e-10 3.02675e-09 3.02675e-09 
1.13156e-09 2.87049e-09 2.87049e-09 
1.42138e-09 3.16031e-09 2.87049e-09 
1.42138e-09 2.87049e-09 3.16031e-09 
1.13156e-09 3.16031e-09 3.16031e-09 
1.6795e-09 2.83878e-09 2.83878e-09 
1.96932e-09 3.12861e-09 2.83878e-09 
1.96932e-09 2.83878e-09 3.12861e-09 
1.6795e-09 3.12861e-09 3.12861e-09 
1.87458e-09 2.45423e-09 2.45423e-09 
2.16441e-09 2.74405e-09 2.45423e-09 
2.16441e-09 2.45423e-09 2.74405e-09 
1.87458e-09 2.74405e-09 2.74405e-09 
2.62943e-09 2.62943e-09 2.62943e-09 
2.91925e-09 2.91925e-09 2.62943e-09 
2.91925e-09 2.62943e-09 2.91925e-09 
2.62943e-09 2.91925e-09 2.91925e-09 
3.15064e-09 2.571e-09 2.571e-09 
3.44046e-09 2.86082e-09 2.571e-09 
3.44046e-09 2.571e-09 2.86082e-09 
3.15064e-09 2.86082e-09 2.86082e-09 
1.66927e-10 3.06514e-09 2.4855e-09 
4.56749e-10 3.35497e-09 2.4855e-09 
4.56749e-10 3.06514e-09 2.77532e-09 
1.66927e-10 3.35497e-09 2.77532e-09 
7.10776e-10 3.02935e-09 2.44971e-09 
1.0006e-09 3.31917e-09 2.44971e-09 
1.0006e-09 3.02935e-09 2.73953e-09 
7.10776e-10 3.31917e-09 2.73953e-09 
1.5337e-09 3.27263e-09 2.69298e-09 
1.82352e-09 3.56245e-09 2.69298e-09 
1.82352e-09 3.27263e-09 2.9828e-09 
1.5337e-09 3.56245e-09 2.9828e-09 
2.01159e-09 3.17087e-09 2.59123e-09 
2.30141e-09 3.4607e-09 2.59123e-09 
2.30141e-09 3.17087e-09 2.88105e-09 
2.01159e-09 3.4607e-09 2.88105e-09 
2.70683e-09 3.28647e-09 2.70683e-09 
2.99665e-09 3.57629e-09 2.70683e-09 
2.99665e-09 3.28647e-09 2.99665e-09 
2.70683e-09 3.57629e-09 2.99665e-09 
3.13705e-09 3.13705e-09 2.5574e-09 
3.42687e-09 3.42687e-09 2.5574e-09 
3.42687e-09 3.13705e-09 2.84723e-09 
3.13705e-09 3.42687e-09 2.84723e-09 
1.59083e-10 1.59083e-10 3.0573e-09 
4.48904e-10 4.48904e-10 3.0573e-09 
4.48904e-10 1.59083e-10 3.34712e-09 
1.59083e-10 4.48904e-10 3.34712e-09 
1.04936e-09 4.6972e-10 3.36794e-09 
1.33918e-09 7.59542e-10 3.36794e-09 
1.33918e-09 4.6972e-10 3.65776e-09 
1.04936e-09 7.59542e-10 3.65776e-09 
1.67857e-09 5.19279e-10 3.4175e-09 
1.96839e-09 8.09101e-10 3.4175e-09 
1.96839e-09 5.19279e-10 3.70732e-09 
1.67857e-09 8.09101e-10 3.70732e-09 
2.30058e-09 5.61651e-10 3.45987e-09 
2.5904e-09 8.51473e-10 3.45987e-09 
2.5904e-09 5.61651e-10 3.74969e-09 
2.30058e-09 8.51473e-10 3.74969e-09 
2.35859e-09 4.00211e-11 2.93824e-09 
2.64842e-09 3.29843e-10 2.93824e-09 
2.64842e-09 4.00211e-11 3.22806e-09 
2.35859e-09 3.29843e-10 3.22806e-09 
3.18515e-09 2.86935e-10 3.18515e-09 
3.47497e-09 5.76757e-10 3.18515e-09 
3.47497e-09 2.86935e-10 3.47497e-09 
3.18515e-09 5.76757e-10 3.47497e-09 
3.69367e-11 6.1658e-10 2.93515e-09 
3.26758e-10 9.06402e-10 2.93515e-09 
3.26758e-10 6.1658e-10 3.22497e-09 
3.69367e-11 9.06402e-10 3.22497e-09 
6.9031e-10 6.9031e-10 3.00888e-09 
9.80132e-10 9.80132e-10 3.00888e-09 
9.80132e-10 6.9031e-10 3.29871e-09 
6.9031e-10 9.80132e-10 3.29871e-09 
1.4679e-09 8.8826e-10 3.20683e-09 
1.75772e-09 1.17808e-09 3.20683e-09 
1.75772e-09 8.8826e-10 3.49665e-09 
1.4679e-09 1.17808e-09 3.49665e-09 
2.31195e-09 1.15266e-09 3.47124e-09 
2.60177e-09 1.44249e-09 3.47124e-09 
2.60177e-09 1.15266e-09 3.76106e-09 
2.31195e-09 1.44249e-09 3.76106e-09 
2.73708e-09 9.98151e-10 3.31672e-09 
3.0269e-09 1.28797e-09 3.31672e-09 
3.0269e-09 9.98151e-10 3.60655e-09 
2.73708e-09 1.28797e-09 3.60655e-09 
3.34674e-09 1.02817e-09 3.34674e-09 
3.63656e-09 1.31799e-09 3.34674e-09 
3.63656e-09 1.02817e-09 3.63656e-09 
3.34674e-09 1.31799e-09 3.63656e-09 
5.36908e-10 1.69619e-09 3.43512e-09 
8.2673e-10 1.98602e-09 3.43512e-09 
8.2673e-10 1.69619e-09 3.72495e-09 
5.36908e-10 1.98602e-09 3.72495e-09 
6.03351e-10 1.18299e-09 2.92192e-09 
8.93173e-10 1.47282e-09 2.92192e-09 
8.93173e-10 1.18299e-09 3.21175e-09 
6.03351e-10 1.47282e-09 3.21175e-09 
1.27595e-09 1.27595e-09 3.01488e-09 
1.56577e-09 1.56577e-09 3.01488e-09 
1.56577e-09 1.27595e-09 3.3047e-09 
1.27595e-09 1.56577e-09 3.3047e-09 
1.97136e-09 1.39172e-09 3.13065e-09 
2.26118e-09 1.68154e-09 3.13065e-09 
2.26118e-09 1.39172e-09 3.42047e-09 
1.97136e-09 1.68154e-09 3.42047e-09 
2.47434e-09 1.31506e-09 3.05399e-09 
2.76417e-09 1.60488e-09 3.05399e-09 
2.76417e-09 1.31506e-09 3.34381e-09 
2.47434e-09 1.60488e-09 3.34381e-09 
3.05094e-09 1.31201e-09 3.05094e-09 
3.34076e-09 1.60183e-09 3.05094e-09 
3.34076e-09 1.31201e-09 3.34076e-09 
3.05094e-09 1.60183e-09 3.34076e-09 
4.4326e-10 2.18219e-09 3.34148e-09 
7.33082e-10 2.47201e-09 3.34148e-09 
7.33082e-10 2.18219e-09 3.6313e-09 
4.4326e-10 2.47201e-09 3.6313e-09 
1.15377e-09 2.31306e-09 3.47234e-09 
1.44359e-09 2.60288e-09 3.47234e-09 
1.44359e-09 2.31306e-09 3.76217e-09 
1.15377e-09 2.60288e-09 3.76217e-09 
1.28428e-09 1.86392e-09 3.02321e-09 
1.5741e-09 2.15374e-09 3.02321e-09 
1.5741e-09 1.86392e-09 3.31303e-09 
1.28428e-09 2.15374e-09 3.31303e-09 
2.12276e-09 2.12276e-09 3.28204e-09 
2.41258e-09 2.41258e-09 3.28204e-09 
2.41258e-09 2.12276e-09 3.57187e-09 
2.12276e-09 2.41258e-09 3.57187e-09 
2.44871e-09 1.86907e-09 3.02835e-09 
2.73853e-09 2.15889e-09 3.02835e-09 
2.73853e-09 1.86907e-09 3.31818e-09 
2.44871e-09 2.15889e-09 3.31818e-09 
3.33407e-09 2.17478e-09 3.33407e-09 
3.62389e-09 2.4646e-09 3.33407e-09 
3.62389e-09 2.17478e-09 3.62389e-09 
3.33407e-09 2.4646e-09 3.62389e-09 
5.66081e-11 2.37518e-09 2.95482e-09 
3.4643e-10 2.665e-09 2.95482e-09 
3.4643e-10 2.37518e-09 3.24465e-09 
5.66081e-11 2.665e-09 3.24465e-09 
8.76708e-10 2.61564e-09 3.19528e-09 
1.16653e-09 2.90546e-09 3.19528e-09 
1.16653e-09 2.61564e-09 3.4851e-09 
8.76708e-10 2.90546e-09 3.4851e-09 
1.72627e-09 2.88556e-09 3.4652e-09 
2.01609e-09 3.17538e-09 3.4652e-09 
2.01609e-09 2.88556e-09 3.75502e-09 
1.72627e-09 3.17538e-09 3.75502e-09 
2.16995e-09 2.74959e-09 3.32923e-09 
2.45977e-09 3.03941e-09 3.32923e-09 
2.45977e-09 2.74959e-09 3.61906e-09 
2.16995e-09 3.03941e-09 3.61906e-09 
2.8883e-09 2.8883e-09 3.46794e-09 
3.17812e-09 3.17812e-09 3.46794e-09 
3.17812e-09 2.8883e-09 3.75776e-09 
2.8883e-09 3.17812e-09 3.75776e-09 
3.27381e-09 2.69417e-09 3.27381e-09 
3.56363e-09 2.98399e-09 3.27381e-09 
3.56363e-09 2.69417e-09 3.56363e-09 
3.27381e-09 2.98399e-09 3.56363e-09 
9.02044e-11 2.98842e-09 2.98842e-09 
3.80026e-10 3.27824e-09 2.98842e-09 
3.80026e-10 2.98842e-09 3.27824e-09 
9.02044e-11 3.27824e-09 3.27824e-09 
7.28805e-10 3.04738e-09 3.04738e-09 
1.01863e-09 3.3372e-09 3.04738e-09 
1.01863e-09 3.04738e-09 3.3372e-09 
7.28805e-10 3.3372e-09 3.3372e-09 
1.42496e-09 3.16389e-09 3.16389e-09 
1.71478e-09 3.45371e-09 3.16389e-09 
1.71478e-09 3.16389e-09 3.45371e-09 
1.42496e-09 3.45371e-09 3.45371e-09 
1.76877e-09 2.92806e-09 2.92806e-09 
2.05859e-09 3.21788e-09 2.92806e-09 
2.05859e-09 2.92806e-09 3.21788e-09 
1.76877e-09 3.21788e-09 3.21788e-09 
2.44974e-09 3.02939e-09 3.02939e-09 
2.73956e-09 3.31921e-09 3.02939e-09 
2.73956e-09 3.02939e-09 3.31921e-09 
2.44974e-09 3.31921e-09 3.31921e-09 
3.20391e-09 3.20391e-09 3.20391e-09 
3.49373e-09 3.49373e-09 3.20391e-09 
3.49373e-09 3.20391e-09 3.49373e-09 
3.20391e-09 3.49373e-09 3.49373e-09 
