4.70569e-10 4.70569e-10 4.70569e-10 
7.6039e-10 7.6039e-10 4.70569e-10 
7.6039e-10 4.70569e-10 7.6039e-10 
4.70569e-10 7.6039e-10 7.6039e-10 
6.82171e-10 1.02528e-10 1.02528e-10 
9.71993e-10 3.9235e-10 1.02528e-10 
9.71993e-10 1.02528e-10 3.9235e-10 
6.82171e-10 3.9235e-10 3.9235e-10 
1.27488e-09 1.1559e-10 1.1559e-10 
1.5647e-09 4.05412e-10 1.1559e-10 
1.5647e-09 1.1559e-10 4.05412e-10 
1.27488e-09 4.05412e-10 4.05412e-10 
2.00014e-09 2.61213e-10 2.61213e-10 
2.28997e-09 5.51035e-10 2.61213e-10 
2.28997e-09 2.61213e-10 5.51035e-10 
2.00014e-09 5.51035e-10 5.51035e-10 
2.37411e-09 5.55402e-11 5.55402e-11 
2.66394e-09 3.45362e-10 5.55402e-11 
2.66394e-09 5.55402e-11 3.45362e-10 
2.37411e-09 3.45362e-10 3.45362e-10 
3.4724e-09 5.74184e-10 5.74184e-10 
3.76222e-09 8.64006e-10 5.74184e-10 
3.76222e-09 5.74184e-10 8.64006e-10 
3.4724e-09 8.64006e-10 8.64006e-10 
5.14202e-10 1.09385e-09 5.14202e-10 
8.04023e-10 1.38367e-09 5.14202e-10 
8.04023e-10 1.09385e-09 8.04023e-10 
5.14202e-10 1.38367e-09 8.04023e-10 
6.59001e-10 6.59001e-10 7.93574e-11 
9.48822e-10 9.48822e-10 7.93574e-11 
9.48822e-10 6.59001e-10 3.69179e-10 
6.59001e-10 9.48822e-10 3.69179e-10 
1.59001e-09 1.01037e-09 4.30725e-10 
1.87983e-09 1.30019e-09 4.30725e-10 
1.87983e-09 1.01037e-09 7.20547e-10 
1.59001e-09 1.30019e-09 7.20547e-10 
2.00749e-09 8.48203e-10 2.68559e-10 
2.29731e-09 1.13802e-09 2.68559e-10 
2.29731e-09 8.48203e-10 5.58381e-10 
2.00749e-09 1.13802e-09 5.58381e-10 
2.51369e-09 7.74761e-10 1.95117e-10 
2.80351e-09 1.06458e-09 1.95117e-10 
2.80351e-09 7.74761e-10 4.84939e-10 
2.51369e-09 1.06458e-09 4.84939e-10 
3.40989e-09 1.09132e-09 5.11677e-10 
3.69972e-09 1.38114e-09 5.11677e-10 
3.69972e-09 1.09132e-09 8.01499e-10 
3.40989e-09 1.38114e-09 8.01499e-10 
2.99453e-10 1.45874e-09 2.99453e-10 
5.89275e-10 1.74856e-09 2.99453e-10 
5.89275e-10 1.45874e-09 5.89275e-10 
2.99453e-10 1.74856e-09 5.89275e-10 
9.59783e-10 1.53943e-09 3.8014e-10 
1.2496e-09 1.82925e-09 3.8014e-10 
1.2496e-09 1.53943e-09 6.69961e-10 
9.59783e-10 1.82925e-09 6.69961e-10 
1.19497e-09 1.19497e-09 3.56869e-11 
1.4848e-09 1.4848e-09 3.56869e-11 
1.4848e-09 1.19497e-09 3.25509e-10 
1.19497e-09 1.4848e-09 3.25509e-10 
1.88524e-09 1.3056e-09 1.46309e-10 
2.17506e-09 1.59542e-09 1.46309e-10 
2.17506e-09 1.3056e-09 4.3613e-10 
1.88524e-09 1.59542e-09 4.3613e-10 
2.63793e-09 1.47865e-09 3.19361e-10 
2.92776e-09 1.76847e-09 3.19361e-10 
2.92776e-09 1.47865e-09 6.09183e-10 
2.63793e-09 1.76847e-09 6.09183e-10 
3.14417e-09 1.40524e-09 2.45957e-10 
3.434e-09 1.69507e-09 2.45957e-10 
3.434e-09 1.40524e-09 5.35779e-10 
3.14417e-09 1.69507e-09 5.35779e-10 
3.19464e-10 2.05839e-09 3.19464e-10 
6.09286e-10 2.34822e-09 3.19464e-10 
6.09286e-10 2.05839e-09 6.09286e-10 
3.19464e-10 2.34822e-09 6.09286e-10 
7.77697e-10 1.93698e-09 1.98054e-10 
1.06752e-09 2.22681e-09 1.98054e-10 
1.06752e-09 1.93698e-09 4.87876e-10 
7.77697e-10 2.22681e-09 4.87876e-10 
1.25132e-09 1.83096e-09 9.20313e-11 
1.54114e-09 2.12078e-09 9.20313e-11 
1.54114e-09 1.83096e-09 3.81853e-10 
1.25132e-09 2.12078e-09 3.81853e-10 
2.21698e-09 2.21698e-09 4.78045e-10 
2.5068e-09 2.5068e-09 4.78045e-10 
2.5068e-09 2.21698e-09 7.67867e-10 
2.21698e-09 2.5068e-09 7.67867e-10 
2.59524e-09 2.01559e-09 2.76664e-10 
2.88506e-09 2.30542e-09 2.76664e-10 
2.88506e-09 2.01559e-09 5.66486e-10 
2.59524e-09 2.30542e-09 5.66486e-10 
3.13234e-09 1.97305e-09 2.3412e-10 
3.42216e-09 2.26287e-09 2.3412e-10 
3.42216e-09 1.97305e-09 5.23941e-10 
3.13234e-09 2.26287e-09 5.23941e-10 
4.64546e-10 2.78312e-09 4.64546e-10 
7.54367e-10 3.07294e-09 4.64546e-10 
7.54367e-10 2.78312e-09 7.54367e-10 
4.64546e-10 3.07294e-09 7.54367e-10 
9.55317e-10 2.69425e-09 3.75674e-10 
1.24514e-09 2.98407e-09 3.75674e-10 
1.24514e-09 2.69425e-09 6.65496e-10 
9.55317e-10 2.98407e-09 6.65496e-10 
1.28353e-09 2.44282e-09 1.24247e-10 
1.57336e-09 2.73264e-09 1.24247e-10 
1.57336e-09 2.44282e-09 4.14069e-10 
1.28353e-09 2.73264e-09 4.14069e-10 
2.05297e-09 2.63261e-09 3.14036e-10 
2.34279e-09 2.92243e-09 3.14036e-10 
2.34279e-09 2.63261e-09 6.03857e-10 
2.05297e-09 2.92243e-09 6.03857e-10 
2.58259e-09 2.58259e-09 2.64021e-10 
2.87242e-09 2.87242e-09 2.64021e-10 
2.87242e-09 2.58259e-09 5.53842e-10 
2.58259e-09 2.87242e-09 5.53842e-10 
3.00687e-09 2.42723e-09 1.08655e-10 
3.29669e-09 2.71705e-09 1.08655e-10 
3.29669e-09 2.42723e-09 3.98476e-10 
3.00687e-09 2.71705e-09 3.98476e-10 
1.80618e-10 3.07884e-09 1.80618e-10 
4.7044e-10 3.36866e-09 1.80618e-10 
4.7044e-10 3.07884e-09 4.7044e-10 
1.80618e-10 3.36866e-09 4.7044e-10 
7.34589e-10 3.05316e-09 1.54946e-10 
1.02441e-09 3.34298e-09 1.54946e-10 
1.02441e-09 3.05316e-09 4.44768e-10 
7.34589e-10 3.34298e-09 4.44768e-10 
1.37047e-09 3.1094e-09 2.11183e-10 
1.66029e-09 3.39922e-09 2.11183e-10 
1.66029e-09 3.1094e-09 5.01005e-10 
1.37047e-09 3.39922e-09 5.01005e-10 
2.03514e-09 3.19443e-09 2.96209e-10 
2.32496e-09 3.48425e-09 2.96209e-10 
2.32496e-09 3.19443e-09 5.8603e-10 
2.03514e-09 3.48425e-09 5.8603e-10 
2.73473e-09 3.31438e-09 4.16159e-10 
3.02455e-09 3.6042e-09 4.16159e-10 
3.02455e-09 3.31438e-09 7.05981e-10 
2.73473e-09 3.6042e-09 7.05981e-10 
3.16494e-09 3.16494e-09 2.66723e-10 
3.45476e-09 3.45476e-09 2.66723e-10 
3.45476e-09 3.16494e-09 5.56545e-10 
3.16494e-09 3.45476e-09 5.56545e-10 
2.9075e-10 2.9075e-10 8.70393e-10 
5.80571e-10 5.80571e-10 8.70393e-10 
5.80571e-10 2.9075e-10 1.16021e-09 
2.9075e-10 5.80571e-10 1.16021e-09 
9.30361e-10 3.50718e-10 9.30361e-10 
1.22018e-09 6.40539e-10 9.30361e-10 
1.22018e-09 3.50718e-10 1.22018e-09 
9.30361e-10 6.40539e-10 1.22018e-09 
1.50537e-09 3.46081e-10 9.25724e-10 
1.79519e-09 6.35902e-10 9.25724e-10 
1.79519e-09 3.46081e-10 1.21555e-09 
1.50537e-09 6.35902e-10 1.21555e-09 
1.88076e-09 1.41832e-10 7.21475e-10 
2.17058e-09 4.31653e-10 7.21475e-10 
2.17058e-09 1.41832e-10 1.0113e-09 
1.88076e-09 4.31653e-10 1.0113e-09 
2.35821e-09 3.96338e-11 6.19277e-10 
2.64803e-09 3.29455e-10 6.19277e-10 
2.64803e-09 3.96338e-11 9.09099e-10 
2.35821e-09 3.29455e-10 9.09099e-10 
3.43941e-09 5.41198e-10 1.12084e-09 
3.72924e-09 8.31019e-10 1.12084e-09 
3.72924e-09 5.41198e-10 1.41066e-09 
3.43941e-09 8.31019e-10 1.41066e-09 
7.38651e-11 6.53508e-10 6.53508e-10 
3.63687e-10 9.4333e-10 6.53508e-10 
3.63687e-10 6.53508e-10 9.4333e-10 
7.38651e-11 9.4333e-10 9.4333e-10 
9.1873e-10 9.1873e-10 9.1873e-10 
1.20855e-09 1.20855e-09 9.1873e-10 
1.20855e-09 9.1873e-10 1.20855e-09 
9.1873e-10 1.20855e-09 1.20855e-09 
1.50098e-09 9.21337e-10 9.21337e-10 
1.7908e-09 1.21116e-09 9.21337e-10 
1.7908e-09 9.21337e-10 1.21116e-09 
1.50098e-09 1.21116e-09 1.21116e-09 
1.84848e-09 6.89195e-10 6.89195e-10 
2.1383e-09 9.79017e-10 6.89195e-10 
2.1383e-09 6.89195e-10 9.79017e-10 
1.84848e-09 9.79017e-10 9.79017e-10 
2.80397e-09 1.06504e-09 1.06504e-09 
3.09379e-09 1.35486e-09 1.06504e-09 
3.09379e-09 1.06504e-09 1.35486e-09 
2.80397e-09 1.35486e-09 1.35486e-09 
2.97963e-09 6.61055e-10 6.61055e-10 
3.26945e-09 9.50877e-10 6.61055e-10 
3.26945e-09 6.61055e-10 9.50877e-10 
2.97963e-09 9.50877e-10 9.50877e-10 
3.5551e-10 1.5148e-09 9.35153e-10 
6.45331e-10 1.80462e-09 9.35153e-10 
6.45331e-10 1.5148e-09 1.22497e-09 
3.5551e-10 1.80462e-09 1.22497e-09 
8.0486e-10 1.3845e-09 8.0486e-10 
1.09468e-09 1.67432e-09 8.0486e-10 
1.09468e-09 1.3845e-09 1.09468e-09 
8.0486e-10 1.67432e-09 1.09468e-09 
1.43875e-09 1.43875e-09 8.59109e-10 
1.72857e-09 1.72857e-09 8.59109e-10 
1.72857e-09 1.43875e-09 1.14893e-09 
1.43875e-09 1.72857e-09 1.14893e-09 
2.18647e-09 1.60683e-09 1.02718e-09 
2.47629e-09 1.89665e-09 1.02718e-09 
2.47629e-09 1.60683e-09 1.31701e-09 
2.18647e-09 1.89665e-09 1.31701e-09 
2.44219e-09 1.2829e-09 7.03262e-10 
2.73201e-09 1.57273e-09 7.03262e-10 
2.73201e-09 1.2829e-09 9.93083e-10 
2.44219e-09 1.57273e-09 9.93083e-10 
3.45435e-09 1.71542e-09 1.13577e-09 
3.74417e-09 2.00524e-09 1.13577e-09 
3.74417e-09 1.71542e-09 1.4256e-09 
3.45435e-09 2.00524e-09 1.4256e-09 
1.02017e-10 1.84095e-09 6.8166e-10 
3.91839e-10 2.13077e-09 6.8166e-10 
3.91839e-10 1.84095e-09 9.71482e-10 
1.02017e-10 2.13077e-09 9.71482e-10 
5.88164e-10 1.74745e-09 5.88164e-10 
8.77986e-10 2.03727e-09 5.88164e-10 
8.77986e-10 1.74745e-09 8.77986e-10 
5.88164e-10 2.03727e-09 8.77986e-10 
1.51145e-09 2.09109e-09 9.31804e-10 
1.80127e-09 2.38091e-09 9.31804e-10 
1.80127e-09 2.09109e-09 1.22163e-09 
1.51145e-09 2.38091e-09 1.22163e-09 
1.96519e-09 1.96519e-09 8.05908e-10 
2.25502e-09 2.25502e-09 8.05908e-10 
2.25502e-09 1.96519e-09 1.09573e-09 
1.96519e-09 2.25502e-09 1.09573e-09 
2.64113e-09 2.06149e-09 9.022e-10 
2.93095e-09 2.35131e-09 9.022e-10 
2.93095e-09 2.06149e-09 1.19202e-09 
2.64113e-09 2.35131e-09 1.19202e-09 
2.93475e-09 1.77547e-09 6.16181e-10 
3.22458e-09 2.06529e-09 6.16181e-10 
3.22458e-09 1.77547e-09 9.06003e-10 
2.93475e-09 2.06529e-09 9.06003e-10 
3.34919e-10 2.65349e-09 9.14563e-10 
6.24741e-10 2.94331e-09 9.14563e-10 
6.24741e-10 2.65349e-09 1.20438e-09 
3.34919e-10 2.94331e-09 1.20438e-09 
1.08282e-09 2.82175e-09 1.08282e-09 
1.37264e-09 3.11157e-09 1.08282e-09 
1.37264e-09 2.82175e-09 1.37264e-09 
1.08282e-09 3.11157e-09 1.37264e-09 
1.35077e-09 2.51006e-09 7.71127e-10 
1.64059e-09 2.79988e-09 7.71127e-10 
1.64059e-09 2.51006e-09 1.06095e-09 
1.35077e-09 2.79988e-09 1.06095e-09 
2.28503e-09 2.86468e-09 1.12575e-09 
2.57485e-09 3.1545e-09 1.12575e-09 
2.57485e-09 2.86468e-09 1.41557e-09 
2.28503e-09 3.1545e-09 1.41557e-09 
2.53831e-09 2.53831e-09 7.99383e-10 
2.82814e-09 2.82814e-09 7.99383e-10 
2.82814e-09 2.53831e-09 1.08921e-09 
2.53831e-09 2.82814e-09 1.08921e-09 
2.92622e-09 2.34657e-09 6.07644e-10 
3.21604e-09 2.6364e-09 6.07644e-10 
3.21604e-09 2.34657e-09 8.97465e-10 
2.92622e-09 2.6364e-09 8.97465e-10 
2.33182e-10 3.1314e-09 8.12825e-10 
5.23004e-10 3.42122e-09 8.12825e-10 
5.23004e-10 3.1314e-09 1.10265e-09 
2.33182e-10 3.42122e-09 1.10265e-09 
1.09013e-09 3.40871e-09 1.09013e-09 
1.37995e-09 3.69853e-09 1.09013e-09 
1.37995e-09 3.40871e-09 1.37995e-09 
1.09013e-09 3.69853e-09 1.37995e-09 
1.538e-09 3.27693e-09 9.58361e-10 
1.82783e-09 3.56676e-09 9.58361e-10 
1.82783e-09 3.27693e-09 1.24818e-09 
1.538e-09 3.56676e-09 1.24818e-09 
2.31819e-09 3.47748e-09 1.15891e-09 
2.60801e-09 3.7673e-09 1.15891e-09 
2.60801e-09 3.47748e-09 1.44873e-09 
2.31819e-09 3.7673e-09 1.44873e-09 
2.39125e-09 2.97089e-09 6.52321e-10 
2.68107e-09 3.26072e-09 6.52321e-10 
2.68107e-09 2.97089e-09 9.42143e-10 
2.39125e-09 3.26072e-09 9.42143e-10 
3.31657e-09 3.31657e-09 9.97995e-10 
3.60639e-09 3.60639e-09 9.97995e-10 
3.60639e-09 3.31657e-09 1.28782e-09 
3.31657e-09 3.60639e-09 1.28782e-09 
5.40817e-10 5.40817e-10 1.7001e-09 
8.30639e-10 8.30639e-10 1.7001e-09 
8.30639e-10 5.40817e-10 1.98993e-09 
5.40817e-10 8.30639e-10 1.98993e-09 
7.26186e-10 1.46543e-10 1.30583e-09 
1.01601e-09 4.36365e-10 1.30583e-09 
1.01601e-09 1.46543e-10 1.59565e-09 
7.26186e-10 4.36365e-10 1.59565e-09 
1.33708e-09 1.77795e-10 1.33708e-09 
1.6269e-09 4.67617e-10 1.33708e-09 
1.6269e-09 1.77795e-10 1.6269e-09 
1.33708e-09 4.67617e-10 1.6269e-09 
2.0418e-09 3.02868e-10 1.46215e-09 
2.33162e-09 5.92689e-10 1.46215e-09 
2.33162e-09 3.02868e-10 1.75198e-09 
2.0418e-09 5.92689e-10 1.75198e-09 
2.57467e-09 2.56095e-10 1.41538e-09 
2.86449e-09 5.45917e-10 1.41538e-09 
2.86449e-09 2.56095e-10 1.7052e-09 
2.57467e-09 5.45917e-10 1.7052e-09 
2.98176e-09 8.35474e-11 1.24283e-09 
3.27159e-09 3.73369e-10 1.24283e-09 
3.27159e-09 8.35474e-11 1.53266e-09 
2.98176e-09 3.73369e-10 1.53266e-09 
3.8428e-10 9.63923e-10 1.54357e-09 
6.74101e-10 1.25374e-09 1.54357e-09 
6.74101e-10 9.63923e-10 1.83339e-09 
3.8428e-10 1.25374e-09 1.83339e-09 
6.11605e-10 6.11605e-10 1.19125e-09 
9.01426e-10 9.01426e-10 1.19125e-09 
9.01426e-10 6.11605e-10 1.48107e-09 
6.11605e-10 9.01426e-10 1.48107e-09 
1.46805e-09 8.88407e-10 1.46805e-09 
1.75787e-09 1.17823e-09 1.46805e-09 
1.75787e-09 8.88407e-10 1.75787e-09 
1.46805e-09 1.17823e-09 1.75787e-09 
1.82303e-09 6.63745e-10 1.24339e-09 
2.11285e-09 9.53567e-10 1.24339e-09 
2.11285e-09 6.63745e-10 1.53321e-09 
1.82303e-09 9.53567e-10 1.53321e-09 
2.79808e-09 1.05915e-09 1.63879e-09 
3.0879e-09 1.34897e-09 1.63879e-09 
3.0879e-09 1.05915e-09 1.92861e-09 
2.79808e-09 1.34897e-09 1.92861e-09 
3.3306e-09 1.01203e-09 1.59167e-09 
3.62042e-09 1.30185e-09 1.59167e-09 
3.62042e-09 1.01203e-09 1.88149e-09 
3.3306e-09 1.30185e-09 1.88149e-09 
6.05888e-11 1.21988e-09 1.21988e-09 
3.5041e-10 1.5097e-09 1.21988e-09 
3.5041e-10 1.21988e-09 1.5097e-09 
6.05888e-11 1.5097e-09 1.5097e-09 
5.81519e-10 1.16116e-09 1.16116e-09 
8.71341e-10 1.45098e-09 1.16116e-09 
8.71341e-10 1.16116e-09 1.45098e-09 
5.81519e-10 1.45098e-09 1.45098e-09 
1.60019e-09 1.60019e-09 1.60019e-09 
1.89001e-09 1.89001e-09 1.60019e-09 
1.89001e-09 1.60019e-09 1.89001e-09 
1.60019e-09 1.89001e-09 1.89001e-09 
2.15168e-09 1.57204e-09 1.57204e-09 
2.4415e-09 1.86186e-09 1.57204e-09 
2.4415e-09 1.57204e-09 1.86186e-09 
2.15168e-09 1.86186e-09 1.86186e-09 
2.54671e-09 1.38743e-09 1.38743e-09 
2.83654e-09 1.67725e-09 1.38743e-09 
2.83654e-09 1.38743e-09 1.67725e-09 
2.54671e-09 1.67725e-09 1.67725e-09 
3.08203e-09 1.3431e-09 1.3431e-09 
3.37185e-09 1.63292e-09 1.3431e-09 
3.37185e-09 1.3431e-09 1.63292e-09 
3.08203e-09 1.63292e-09 1.63292e-09 
4.49287e-10 2.18822e-09 1.60857e-09 
7.39109e-10 2.47804e-09 1.60857e-09 
7.39109e-10 2.18822e-09 1.8984e-09 
4.49287e-10 2.47804e-09 1.8984e-09 
1.1427e-09 2.30199e-09 1.72235e-09 
1.43252e-09 2.59181e-09 1.72235e-09 
1.43252e-09 2.30199e-09 2.01217e-09 
1.1427e-09 2.59181e-09 2.01217e-09 
1.26663e-09 1.84628e-09 1.26663e-09 
1.55646e-09 2.1361e-09 1.26663e-09 
1.55646e-09 1.84628e-09 1.55646e-09 
1.26663e-09 2.1361e-09 1.55646e-09 
1.80006e-09 1.80006e-09 1.22041e-09 
2.08988e-09 2.08988e-09 1.22041e-09 
2.08988e-09 1.80006e-09 1.51024e-09 
1.80006e-09 2.08988e-09 1.51024e-09 
2.84809e-09 2.26845e-09 1.6888e-09 
3.13791e-09 2.55827e-09 1.6888e-09 
3.13791e-09 2.26845e-09 1.97863e-09 
2.84809e-09 2.55827e-09 1.97863e-09 
3.2253e-09 2.06602e-09 1.48637e-09 
3.51513e-09 2.35584e-09 1.48637e-09 
3.51513e-09 2.06602e-09 1.7762e-09 
3.2253e-09 2.35584e-09 1.7762e-09 
8.91284e-11 2.4077e-09 1.24842e-09 
3.7895e-10 2.69752e-09 1.24842e-09 
3.7895e-10 2.4077e-09 1.53824e-09 
8.91284e-11 2.69752e-09 1.53824e-09 
7.627e-10 2.50163e-09 1.34234e-09 
1.05252e-09 2.79145e-09 1.34234e-09 
1.05252e-09 2.50163e-09 1.63217e-09 
7.627e-10 2.79145e-09 1.63217e-09 
1.41722e-09 2.57651e-09 1.41722e-09 
1.70704e-09 2.86633e-09 1.41722e-09 
1.70704e-09 2.57651e-09 1.70704e-09 
1.41722e-09 2.86633e-09 1.70704e-09 
2.20678e-09 2.78642e-09 1.62713e-09 
2.4966e-09 3.07624e-09 1.62713e-09 
2.4966e-09 2.78642e-09 1.91695e-09 
2.20678e-09 3.07624e-09 1.91695e-09 
2.50125e-09 2.50125e-09 1.34196e-09 
2.79107e-09 2.79107e-09 1.34196e-09 
2.79107e-09 2.50125e-09 1.63178e-09 
2.50125e-09 2.79107e-09 1.63178e-09 
3.22883e-09 2.64918e-09 1.4899e-09 
3.51865e-09 2.93901e-09 1.4899e-09 
3.51865e-09 2.64918e-09 1.77972e-09 
3.22883e-09 2.93901e-09 1.77972e-09 
3.06555e-10 3.20477e-09 1.46584e-09 
5.96377e-10 3.49459e-09 1.46584e-09 
5.96377e-10 3.20477e-09 1.75566e-09 
3.06555e-10 3.49459e-09 1.75566e-09 
7.23493e-10 3.04207e-09 1.30314e-09 
1.01331e-09 3.33189e-09 1.30314e-09 
1.01331e-09 3.04207e-09 1.59296e-09 
7.23493e-10 3.33189e-09 1.59296e-09 
1.63644e-09 3.37537e-09 1.63644e-09 
1.92626e-09 3.66519e-09 1.63644e-09 
1.92626e-09 3.37537e-09 1.92626e-09 
1.63644e-09 3.66519e-09 1.92626e-09 
2.22328e-09 3.38257e-09 1.64364e-09 
2.5131e-09 3.67239e-09 1.64364e-09 
2.5131e-09 3.38257e-09 1.93346e-09 
2.22328e-09 3.67239e-09 1.93346e-09 
2.76529e-09 3.34493e-09 1.606e-09 
3.05511e-09 3.63476e-09 1.606e-09 
3.05511e-09 3.34493e-09 1.89583e-09 
2.76529e-09 3.63476e-09 1.89583e-09 
3.05182e-09 3.05182e-09 1.31289e-09 
3.34164e-09 3.34164e-09 1.31289e-09 
3.34164e-09 3.05182e-09 1.60271e-09 
3.05182e-09 3.34164e-09 1.60271e-09 
5.67898e-10 5.67898e-10 2.30683e-09 
8.57719e-10 8.57719e-10 2.30683e-09 
8.57719e-10 5.67898e-10 2.59665e-09 
5.67898e-10 8.57719e-10 2.59665e-09 
8.30997e-10 2.51354e-10 1.99028e-09 
1.12082e-09 5.41175e-10 1.99028e-09 
1.12082e-09 2.51354e-10 2.28011e-09 
8.30997e-10 5.41175e-10 2.28011e-09 
1.34485e-09 1.85568e-10 1.9245e-09 
1.63468e-09 4.75389e-10 1.9245e-09 
1.63468e-09 1.85568e-10 2.21432e-09 
1.34485e-09 4.75389e-10 2.21432e-09 
2.03595e-09 2.97018e-10 2.03595e-09 
2.32577e-09 5.8684e-10 2.03595e-09 
2.32577e-09 2.97018e-10 2.32577e-09 
2.03595e-09 5.8684e-10 2.32577e-09 
2.65403e-09 3.35456e-10 2.07439e-09 
2.94385e-09 6.25277e-10 2.07439e-09 
2.94385e-09 3.35456e-10 2.36421e-09 
2.65403e-09 6.25277e-10 2.36421e-09 
2.98364e-09 8.54263e-11 1.82436e-09 
3.27346e-09 3.75248e-10 1.82436e-09 
3.27346e-09 8.54263e-11 2.11418e-09 
2.98364e-09 3.75248e-10 2.11418e-09 
1.49757e-10 7.29401e-10 1.88869e-09 
4.39579e-10 1.01922e-09 1.88869e-09 
4.39579e-10 7.29401e-10 2.17851e-09 
1.49757e-10 1.01922e-09 2.17851e-09 
9.75688e-10 9.75688e-10 2.13497e-09 
1.26551e-09 1.26551e-09 2.13497e-09 
1.26551e-09 9.75688e-10 2.4248e-09 
9.75688e-10 1.26551e-09 2.4248e-09 
1.24659e-09 6.66945e-10 1.82623e-09 
1.53641e-09 9.56767e-10 1.82623e-09 
1.53641e-09 6.66945e-10 2.11605e-09 
1.24659e-09 9.56767e-10 2.11605e-09 
1.74995e-09 5.9066e-10 1.74995e-09 
2.03977e-09 8.80482e-10 1.74995e-09 
2.03977e-09 5.9066e-10 2.03977e-09 
1.74995e-09 8.80482e-10 2.03977e-09 
2.54772e-09 8.08794e-10 1.96808e-09 
2.83755e-09 1.09862e-09 1.96808e-09 
2.83755e-09 8.08794e-10 2.2579e-09 
2.54772e-09 1.09862e-09 2.2579e-09 
3.21366e-09 8.95086e-10 2.05437e-09 
3.50348e-09 1.18491e-09 2.05437e-09 
3.50348e-09 8.95086e-10 2.34419e-09 
3.21366e-09 1.18491e-09 2.34419e-09 
1.94833e-10 1.35412e-09 1.93376e-09 
4.84654e-10 1.64394e-09 1.93376e-09 
4.84654e-10 1.35412e-09 2.22358e-09 
1.94833e-10 1.64394e-09 2.22358e-09 
6.78438e-10 1.25808e-09 1.83772e-09 
9.6826e-10 1.5479e-09 1.83772e-09 
9.6826e-10 1.25808e-09 2.12755e-09 
6.78438e-10 1.5479e-09 2.12755e-09 
1.45814e-09 1.45814e-09 2.03779e-09 
1.74797e-09 1.74797e-09 2.03779e-09 
1.74797e-09 1.45814e-09 2.32761e-09 
1.45814e-09 1.74797e-09 2.32761e-09 
2.04111e-09 1.46147e-09 2.04111e-09 
2.33093e-09 1.75129e-09 2.04111e-09 
2.33093e-09 1.46147e-09 2.33093e-09 
2.04111e-09 1.75129e-09 2.33093e-09 
2.4785e-09 1.31921e-09 1.89885e-09 
2.76832e-09 1.60903e-09 1.89885e-09 
2.76832e-09 1.31921e-09 2.18867e-09 
2.4785e-09 1.60903e-09 2.18867e-09 
3.14695e-09 1.40802e-09 1.98766e-09 
3.43677e-09 1.69784e-09 1.98766e-09 
3.43677e-09 1.40802e-09 2.27748e-09 
3.14695e-09 1.69784e-09 2.27748e-09 
4.96241e-11 1.78855e-09 1.78855e-09 
3.39446e-10 2.07838e-09 1.78855e-09 
3.39446e-10 1.78855e-09 2.07838e-09 
4.96241e-11 2.07838e-09 2.07838e-09 
8.28695e-10 1.98798e-09 1.98798e-09 
1.11852e-09 2.2778e-09 1.98798e-09 
1.11852e-09 1.98798e-09 2.2778e-09 
8.28695e-10 2.2778e-09 2.2778e-09 
1.59108e-09 2.17072e-09 2.17072e-09 
1.8809e-09 2.46054e-09 2.17072e-09 
1.8809e-09 2.17072e-09 2.46054e-09 
1.59108e-09 2.46054e-09 2.46054e-09 
2.04649e-09 2.04649e-09 2.04649e-09 
2.33631e-09 2.33631e-09 2.04649e-09 
2.33631e-09 2.04649e-09 2.33631e-09 
2.04649e-09 2.33631e-09 2.33631e-09 
2.45583e-09 1.87618e-09 1.87618e-09 
2.74565e-09 2.16601e-09 1.87618e-09 
2.74565e-09 1.87618e-09 2.16601e-09 
2.45583e-09 2.16601e-09 2.16601e-09 
2.93304e-09 1.77375e-09 1.77375e-09 
3.22286e-09 2.06357e-09 1.77375e-09 
3.22286e-09 1.77375e-09 2.06357e-09 
2.93304e-09 2.06357e-09 2.06357e-09 
5.85261e-11 2.3771e-09 1.79746e-09 
3.48348e-10 2.66692e-09 1.79746e-09 
3.48348e-10 2.3771e-09 2.08728e-09 
5.85261e-11 2.66692e-09 2.08728e-09 
1.02345e-09 2.76238e-09 2.18274e-09 
1.31327e-09 3.0522e-09 2.18274e-09 
1.31327e-09 2.76238e-09 2.47256e-09 
1.02345e-09 3.0522e-09 2.47256e-09 
1.33796e-09 2.49725e-09 1.9176e-09 
1.62778e-09 2.78707e-09 1.9176e-09 
1.62778e-09 2.49725e-09 2.20742e-09 
1.33796e-09 2.78707e-09 2.20742e-09 
2.27461e-09 2.85425e-09 2.27461e-09 
2.56443e-09 3.14408e-09 2.27461e-09 
2.56443e-09 2.85425e-09 2.56443e-09 
2.27461e-09 3.14408e-09 2.56443e-09 
2.66709e-09 2.66709e-09 2.08745e-09 
2.95691e-09 2.95691e-09 2.08745e-09 
2.95691e-09 2.66709e-09 2.37727e-09 
2.66709e-09 2.95691e-09 2.37727e-09 
2.94396e-09 2.36432e-09 1.78468e-09 
3.23379e-09 2.65414e-09 1.78468e-09 
3.23379e-09 2.36432e-09 2.0745e-09 
2.94396e-09 2.65414e-09 2.0745e-09 
1.09644e-10 3.00786e-09 1.84857e-09 
3.99465e-10 3.29768e-09 1.84857e-09 
3.99465e-10 3.00786e-09 2.1384e-09 
1.09644e-10 3.29768e-09 2.1384e-09 
9.16414e-10 3.23499e-09 2.0757e-09 
1.20624e-09 3.52481e-09 2.0757e-09 
1.20624e-09 3.23499e-09 2.36552e-09 
9.16414e-10 3.52481e-09 2.36552e-09 
1.45639e-09 3.19532e-09 2.03603e-09 
1.74621e-09 3.48514e-09 2.03603e-09 
1.74621e-09 3.19532e-09 2.32585e-09 
1.45639e-09 3.48514e-09 2.32585e-09 
2.03414e-09 3.19343e-09 2.03414e-09 
2.32396e-09 3.48325e-09 2.03414e-09 
2.32396e-09 3.19343e-09 2.32396e-09 
2.03414e-09 3.48325e-09 2.32396e-09 
2.37272e-09 2.95236e-09 1.79308e-09 
2.66254e-09 3.24218e-09 1.79308e-09 
2.66254e-09 2.95236e-09 2.0829e-09 
2.37272e-09 3.24218e-09 2.0829e-09 
2.95113e-09 2.95113e-09 1.79184e-09 
3.24095e-09 3.24095e-09 1.79184e-09 
3.24095e-09 2.95113e-09 2.08166e-09 
2.95113e-09 3.24095e-09 2.08166e-09 
3.80637e-10 3.80637e-10 2.69921e-09 
6.70459e-10 6.70459e-10 2.69921e-09 
6.70459e-10 3.80637e-10 2.98903e-09 
3.80637e-10 6.70459e-10 2.98903e-09 
7.83546e-10 2.03902e-10 2.52248e-09 
1.07337e-09 4.93724e-10 2.52248e-09 
1.07337e-09 2.03902e-10 2.8123e-09 
7.83546e-10 4.93724e-10 2.8123e-09 
1.60824e-09 4.48958e-10 2.76753e-09 
1.89807e-09 7.38779e-10 2.76753e-09 
1.89807e-09 4.48958e-10 3.05735e-09 
1.60824e-09 7.38779e-10 3.05735e-09 
2.20687e-09 4.6794e-10 2.78651e-09 
2.49669e-09 7.57761e-10 2.78651e-09 
2.49669e-09 4.6794e-10 3.07633e-09 
2.20687e-09 7.57761e-10 3.07633e-09 
2.53349e-09 2.14919e-10 2.53349e-09 
2.82331e-09 5.04741e-10 2.53349e-09 
2.82331e-09 2.14919e-10 2.82331e-09 
2.53349e-09 5.04741e-10 2.82331e-09 
2.99668e-09 9.84651e-11 2.41704e-09 
3.2865e-09 3.88287e-10 2.41704e-09 
3.2865e-09 9.84651e-11 2.70686e-09 
2.99668e-09 3.88287e-10 2.70686e-09 
2.03738e-10 7.83382e-10 2.52231e-09 
4.9356e-10 1.0732e-09 2.52231e-09 
4.9356e-10 7.83382e-10 2.81213e-09 
2.03738e-10 1.0732e-09 2.81213e-09 
9.89395e-10 9.89395e-10 2.72833e-09 
1.27922e-09 1.27922e-09 2.72833e-09 
1.27922e-09 9.89395e-10 3.01815e-09 
9.89395e-10 1.27922e-09 3.01815e-09 
1.35655e-09 7.76903e-10 2.51583e-09 
1.64637e-09 1.06672e-09 2.51583e-09 
1.64637e-09 7.76903e-10 2.80565e-09 
1.35655e-09 1.06672e-09 2.80565e-09 
2.24153e-09 1.08224e-09 2.82117e-09 
2.53135e-09 1.37206e-09 2.82117e-09 
2.53135e-09 1.08224e-09 3.11099e-09 
2.24153e-09 1.37206e-09 3.11099e-09 
2.45086e-09 7.11932e-10 2.45086e-09 
2.74068e-09 1.00175e-09 2.45086e-09 
2.74068e-09 7.11932e-10 2.74068e-09 
2.45086e-09 1.00175e-09 2.74068e-09 
3.2554e-09 9.36826e-10 2.67576e-09 
3.54522e-09 1.22665e-09 2.67576e-09 
3.54522e-09 9.36826e-10 2.96558e-09 
3.2554e-09 1.22665e-09 2.96558e-09 
1.71686e-10 1.33097e-09 2.49026e-09 
4.61508e-10 1.62079e-09 2.49026e-09 
4.61508e-10 1.33097e-09 2.78008e-09 
1.71686e-10 1.62079e-09 2.78008e-09 
7.61556e-10 1.3412e-09 2.50049e-09 
1.05138e-09 1.63102e-09 2.50049e-09 
1.05138e-09 1.3412e-09 2.79031e-09 
7.61556e-10 1.63102e-09 2.79031e-09 
1.18588e-09 1.18588e-09 2.34516e-09 
1.4757e-09 1.4757e-09 2.34516e-09 
1.4757e-09 1.18588e-09 2.63499e-09 
1.18588e-09 1.4757e-09 2.63499e-09 
1.76276e-09 1.18312e-09 2.34241e-09 
2.05258e-09 1.47294e-09 2.34241e-09 
2.05258e-09 1.18312e-09 2.63223e-09 
1.76276e-09 1.47294e-09 2.63223e-09 
2.80804e-09 1.64876e-09 2.80804e-09 
3.09787e-09 1.93858e-09 2.80804e-09 
3.09787e-09 1.64876e-09 3.09787e-09 
2.80804e-09 1.93858e-09 3.09787e-09 
3.06206e-09 1.32313e-09 2.48242e-09 
3.35188e-09 1.61295e-09 2.48242e-09 
3.35188e-09 1.32313e-09 2.77224e-09 
3.06206e-09 1.61295e-09 2.77224e-09 
5.8656e-11 1.79759e-09 2.37723e-09 
3.48478e-10 2.08741e-09 2.37723e-09 
3.48478e-10 1.79759e-09 2.66705e-09 
5.8656e-11 2.08741e-09 2.66705e-09 
1.12764e-09 2.28693e-09 2.86657e-09 
1.41746e-09 2.57675e-09 2.86657e-09 
1.41746e-09 2.28693e-09 3.15639e-09 
1.12764e-09 2.57675e-09 3.15639e-09 
1.1873e-09 1.76694e-09 2.34658e-09 
1.47712e-09 2.05676e-09 2.34658e-09 
1.47712e-09 1.76694e-09 2.63641e-09 
1.1873e-09 2.05676e-09 2.63641e-09 
1.97626e-09 1.97626e-09 2.5559e-09 
2.26608e-09 2.26608e-09 2.5559e-09 
2.26608e-09 1.97626e-09 2.84572e-09 
1.97626e-09 2.26608e-09 2.84572e-09 
2.82261e-09 2.24296e-09 2.82261e-09 
3.11243e-09 2.53279e-09 2.82261e-09 
3.11243e-09 2.24296e-09 3.11243e-09 
2.82261e-09 2.53279e-09 3.11243e-09 
3.27474e-09 2.11546e-09 2.6951e-09 
3.56457e-09 2.40528e-09 2.6951e-09 
3.56457e-09 2.11546e-09 2.98492e-09 
3.27474e-09 2.40528e-09 2.98492e-09 
2.83076e-10 2.60165e-09 2.60165e-09 
5.72897e-10 2.89147e-09 2.60165e-09 
5.72897e-10 2.60165e-09 2.89147e-09 
2.83076e-10 2.89147e-09 2.89147e-09 
6.13678e-10 2.35261e-09 2.35261e-09 
9.03499e-10 2.64243e-09 2.35261e-09 
9.03499e-10 2.35261e-09 2.64243e-09 
6.13678e-10 2.64243e-09 2.64243e-09 
1.29294e-09 2.45223e-09 2.45223e-09 
1.58276e-09 2.74205e-09 2.45223e-09 
1.58276e-09 2.45223e-09 2.74205e-09 
1.29294e-09 2.74205e-09 2.74205e-09 
1.73946e-09 2.31911e-09 2.31911e-09 
2.02928e-09 2.60893e-09 2.31911e-09 
2.02928e-09 2.31911e-09 2.60893e-09 
1.73946e-09 2.60893e-09 2.60893e-09 
2.64782e-09 2.64782e-09 2.64782e-09 
2.93764e-09 2.93764e-09 2.64782e-09 
2.93764e-09 2.64782e-09 2.93764e-09 
2.64782e-09 2.93764e-09 2.93764e-09 
3.08602e-09 2.50637e-09 2.50637e-09 
3.37584e-09 2.79619e-09 2.50637e-09 
3.37584e-09 2.50637e-09 2.79619e-09 
3.08602e-09 2.79619e-09 2.79619e-09 
5.34462e-11 2.95166e-09 2.37202e-09 
3.43268e-10 3.24148e-09 2.37202e-09 
3.43268e-10 2.95166e-09 2.66184e-09 
5.34462e-11 3.24148e-09 2.66184e-09 
7.09883e-10 3.02846e-09 2.44881e-09 
9.99705e-10 3.31828e-09 2.44881e-09 
9.99705e-10 3.02846e-09 2.73863e-09 
7.09883e-10 3.31828e-09 2.73863e-09 
1.55099e-09 3.28992e-09 2.71028e-09 
1.84081e-09 3.57974e-09 2.71028e-09 
1.84081e-09 3.28992e-09 3.0001e-09 
1.55099e-09 3.57974e-09 3.0001e-09 
2.24133e-09 3.40062e-09 2.82098e-09 
2.53116e-09 3.69044e-09 2.82098e-09 
2.53116e-09 3.40062e-09 3.1108e-09 
2.24133e-09 3.69044e-09 3.1108e-09 
2.33711e-09 2.91675e-09 2.33711e-09 
2.62693e-09 3.20657e-09 2.33711e-09 
2.62693e-09 2.91675e-09 2.62693e-09 
2.33711e-09 3.20657e-09 2.62693e-09 
2.92519e-09 2.92519e-09 2.34555e-09 
3.21502e-09 3.21502e-09 2.34555e-09 
3.21502e-09 2.92519e-09 2.63537e-09 
2.92519e-09 3.21502e-09 2.63537e-09 
2.12257e-11 2.12257e-11 2.91944e-09 
3.11047e-10 3.11047e-10 2.91944e-09 
3.11047e-10 2.12257e-11 3.20926e-09 
2.12257e-11 3.11047e-10 3.20926e-09 
8.01918e-10 2.22274e-10 3.12049e-09 
1.09174e-09 5.12096e-10 3.12049e-09 
1.09174e-09 2.22274e-10 3.41031e-09 
8.01918e-10 5.12096e-10 3.41031e-09 
1.59602e-09 4.3673e-10 3.33495e-09 
1.88584e-09 7.26552e-10 3.33495e-09 
1.88584e-09 4.3673e-10 3.62477e-09 
1.59602e-09 7.26552e-10 3.62477e-09 
1.95742e-09 2.18485e-10 3.1167e-09 
2.24724e-09 5.08307e-10 3.1167e-09 
2.24724e-09 2.18485e-10 3.40652e-09 
1.95742e-09 5.08307e-10 3.40652e-09 
2.4638e-09 1.45228e-10 3.04344e-09 
2.75362e-09 4.35049e-10 3.04344e-09 
2.75362e-09 1.45228e-10 3.33327e-09 
2.4638e-09 4.35049e-10 3.33327e-09 
3.46724e-09 5.69019e-10 3.46724e-09 
3.75706e-09 8.58841e-10 3.46724e-09 
3.75706e-09 5.69019e-10 3.75706e-09 
3.46724e-09 8.58841e-10 3.75706e-09 
5.75668e-10 1.15531e-09 3.47388e-09 
8.6549e-10 1.44513e-09 3.47388e-09 
8.6549e-10 1.15531e-09 3.76371e-09 
5.75668e-10 1.44513e-09 3.76371e-09 
8.96557e-10 8.96557e-10 3.21513e-09 
1.18638e-09 1.18638e-09 3.21513e-09 
1.18638e-09 8.96557e-10 3.50495e-09 
8.96557e-10 1.18638e-09 3.50495e-09 
1.33058e-09 7.50932e-10 3.06951e-09 
1.6204e-09 1.04075e-09 3.06951e-09 
1.6204e-09 7.50932e-10 3.35933e-09 
1.33058e-09 1.04075e-09 3.35933e-09 
1.76155e-09 6.02259e-10 2.92083e-09 
2.05137e-09 8.92081e-10 2.92083e-09 
2.05137e-09 6.02259e-10 3.21065e-09 
1.76155e-09 8.92081e-10 3.21065e-09 
2.65932e-09 9.20391e-10 3.23896e-09 
2.94914e-09 1.21021e-09 3.23896e-09 
2.94914e-09 9.20391e-10 3.52879e-09 
2.65932e-09 1.21021e-09 3.52879e-09 
2.97933e-09 6.60759e-10 2.97933e-09 
3.26915e-09 9.50581e-10 2.97933e-09 
3.26915e-09 6.60759e-10 3.26915e-09 
2.97933e-09 9.50581e-10 3.26915e-09 
1.86461e-10 1.34575e-09 3.08468e-09 
4.76283e-10 1.63557e-09 3.08468e-09 
4.76283e-10 1.34575e-09 3.3745e-09 
1.86461e-10 1.63557e-09 3.3745e-09 
9.79047e-10 1.55869e-09 3.29762e-09 
1.26887e-09 1.84851e-09 3.29762e-09 
1.26887e-09 1.55869e-09 3.58744e-09 
9.79047e-10 1.84851e-09 3.58744e-09 
1.20876e-09 1.20876e-09 2.94769e-09 
1.49858e-09 1.49858e-09 2.94769e-09 
1.49858e-09 1.20876e-09 3.23751e-09 
1.20876e-09 1.49858e-09 3.23751e-09 
1.9534e-09 1.37376e-09 3.11269e-09 
2.24322e-09 1.66358e-09 3.11269e-09 
2.24322e-09 1.37376e-09 3.40251e-09 
1.9534e-09 1.66358e-09 3.40251e-09 
2.37566e-09 1.21638e-09 2.95531e-09 
2.66548e-09 1.5062e-09 2.95531e-09 
2.66548e-09 1.21638e-09 3.24513e-09 
2.37566e-09 1.5062e-09 3.24513e-09 
3.45172e-09 1.71279e-09 3.45172e-09 
3.74154e-09 2.00261e-09 3.45172e-09 
3.74154e-09 1.71279e-09 3.74154e-09 
3.45172e-09 2.00261e-09 3.74154e-09 
1.1357e-11 1.75029e-09 2.90957e-09 
3.01179e-10 2.04011e-09 2.90957e-09 
3.01179e-10 1.75029e-09 3.1994e-09 
1.1357e-11 2.04011e-09 3.1994e-09 
9.19807e-10 2.07909e-09 3.23838e-09 
1.20963e-09 2.36892e-09 3.23838e-09 
1.20963e-09 2.07909e-09 3.5282e-09 
9.19807e-10 2.36892e-09 3.5282e-09 
1.16718e-09 1.74682e-09 2.90611e-09 
1.457e-09 2.03665e-09 2.90611e-09 
1.457e-09 1.74682e-09 3.19593e-09 
1.16718e-09 2.03665e-09 3.19593e-09 
1.88394e-09 1.88394e-09 3.04323e-09 
2.17376e-09 2.17376e-09 3.04323e-09 
2.17376e-09 1.88394e-09 3.33305e-09 
1.88394e-09 2.17376e-09 3.33305e-09 
2.65927e-09 2.07963e-09 3.23891e-09 
2.94909e-09 2.36945e-09 3.23891e-09 
2.94909e-09 2.07963e-09 3.52874e-09 
2.65927e-09 2.36945e-09 3.52874e-09 
3.23536e-09 2.07607e-09 3.23536e-09 
3.52518e-09 2.36589e-09 3.23536e-09 
3.52518e-09 2.07607e-09 3.52518e-09 
3.23536e-09 2.36589e-09 3.52518e-09 
3.32812e-10 2.65138e-09 3.23103e-09 
6.22633e-10 2.94121e-09 3.23103e-09 
6.22633e-10 2.65138e-09 3.52085e-09 
3.32812e-10 2.94121e-09 3.52085e-09 
9.73787e-10 2.71272e-09 3.29236e-09 
1.26361e-09 3.00254e-09 3.29236e-09 
1.26361e-09 2.71272e-09 3.58218e-09 
9.73787e-10 3.00254e-09 3.58218e-09 
1.62667e-09 2.78595e-09 3.3656e-09 
1.91649e-09 3.07577e-09 3.3656e-09 
1.91649e-09 2.78595e-09 3.65542e-09 
1.62667e-09 3.07577e-09 3.65542e-09 
1.8838e-09 2.46344e-09 3.04309e-09 
2.17362e-09 2.75327e-09 3.04309e-09 
2.17362e-09 2.46344e-09 3.33291e-09 
1.8838e-09 2.75327e-09 3.33291e-09 
2.63548e-09 2.63548e-09 3.21512e-09 
2.9253e-09 2.9253e-09 3.21512e-09 
2.9253e-09 2.63548e-09 3.50494e-09 
2.63548e-09 2.9253e-09 3.50494e-09 
3.38413e-09 2.80449e-09 3.38413e-09 
3.67395e-09 3.09431e-09 3.38413e-09 
3.67395e-09 2.80449e-09 3.67395e-09 
3.38413e-09 3.09431e-09 3.67395e-09 
1.71849e-10 3.07007e-09 3.07007e-09 
4.61671e-10 3.35989e-09 3.07007e-09 
4.61671e-10 3.07007e-09 3.35989e-09 
1.71849e-10 3.35989e-09 3.35989e-09 
9.17773e-10 3.23635e-09 3.23635e-09 
1.20759e-09 3.52617e-09 3.23635e-09 
1.20759e-09 3.23635e-09 3.52617e-09 
9.17773e-10 3.52617e-09 3.52617e-09 
1.28783e-09 3.02676e-09 3.02676e-09 
1.57766e-09 3.31659e-09 3.02676e-09 
1.57766e-09 3.02676e-09 3.31659e-09 
1.28783e-09 3.31659e-09 3.31659e-09 
1.76787e-09 2.92715e-09 2.92715e-09 
2.05769e-09 3.21697e-09 2.92715e-09 
2.05769e-09 2.92715e-09 3.21697e-09 
1.76787e-09 3.21697e-09 3.21697e-09 
2.87519e-09 3.45483e-09 3.45483e-09 
3.16501e-09 3.74465e-09 3.45483e-09 
3.16501e-09 3.45483e-09 3.74465e-09 
2.87519e-09 3.74465e-09 3.74465e-09 
3.17199e-09 3.17199e-09 3.17199e-09 
3.46181e-09 3.46181e-09 3.17199e-09 
3.46181e-09 3.17199e-09 3.46181e-09 
3.17199e-09 3.46181e-09 3.46181e-09 
