203.881
206.777
110.898
342.351
204.378
239.55
463.847
329.081
144.38
173.387
258.232
174.143
196.834
276.859
274.951
81.2026
311.821
300.393
292.819
387.499
121.249
273.357
271.888
181.676
211.259
22.5937
182.179
281.845
30.4709
333.903
244.695
317.485
513.847
109.987
305.794
228.858
171.675
240.527
207.444
98.8084
235.512
363.582
308.361
118.547
497.756
371.842
373.906
238.018
372.598
343.245
313.277
219.829
74.8211
237.627
297.48
251.648
386.555
398.529
314.418
280.429
156.718
265.16
321.059
247.552
247.217
192.271
176.924
213.179
234.28
83.2544
29.1839
118.154
148.096
337.156
208.333
268.838
283.846
270.016
407.975
326.22
267.552
332.447
145.825
333.85
96.3357
324.678
108.918
235.965
266.747
198.276
64.4305
122.236
274.401
426.968
347.729
541.163
348.937
292.893
344.476
322.567
244.398
95.6299
229.655
336.454
224.815
356.705
294.428
210.255
108.997
71.6854
320.889
184.615
283.276
308.447
579.996
247.525
380.295
199.749
359.585
240.627
288.205
274.986
262.545
198.851
284.474
162.602
425.486
459.055
169.1
265.343
427.528
284.833
400.845
132.931
303.906
318.108
159.681
330.399
266.161
156.926
150.259
191.597
234.25
299.508
164.212
267.735
241.169
240.061
144.822
237.955
175.561
316.492
228.321
266.363
239.484
310.531
334.758
232.037
140.673
331.117
137.571
243.971
242.788
206.966
349.56
179.307
163.183
304.746
464.136
536.932
299.012
386.746
243.54
241.763
396.007
438.342
246.508
407.844
336.417
204.51
251.865
339.387
113.781
243.639
178.392
25.4845
250.109
245.886
484.104
276.607
141.513
218.717
277.886
195.918
117.453
190.959
225.706
275.582
266.632
353.471
296.844
224.648
260.913
250.474
113.37
122.32
315.732
123.854
135.489
231.17
130.395
234.373
364.523
276.346
292.065
302.717
92.0739
394.756
394.269
119.439
196.986
259.921
143.214
177.522
150.311
219.495
214.505
559.425
238.428
175.295
124.69
95.0181
185.191
28.6209
270.487
496.64
442.656
366.801
380.611
220.009
271.899
316.64
295.844
362.644
218.018
209.038
127.972
408.136
115.157
280.129
177.392
192.705
154.973
172.04
189.596
327.839
282.987
362.567
341.018
172.585
256.517
183.721
360.316
240.35
237.881
146.164
323.233
219.386
402.749
500.577
305.922
176.888
215.062
292.658
273.383
295.958
291.753
250.425
212.066
369.047
215.399
147.847
176.992
241.071
200.953
210.25
285.916
196.673
111.972
221.485
134.63
236.746
80.6773
140.48
216.919
282.264
368.359
204.723
198.48
223.514
384.394
132.057
131.836
304.785
214.509
484.758
235.919
168.605
281.698
182.752
324.513
170.25
268.827
147.346
123.121
300.683
307.85
305.276
354.348
171.539
142.885
101.073
192.459
209.688
193.139
239.686
264.005
160.763
333.664
405.153
182.865
211.744
70.9322
236.748
94.2295
366.206
608.815
213.081
311.33
319.873
379.545
143.134
255.499
237.97
44.9742
172.546
471.179
309.61
193.944
344.35
230.565
111.863
209.808
340.727
242.767
129.574
128.038
226.528
460.506
220.83
339.974
237.537
181.96
372.373
304.35
273.896
331.447
340.338
284.124
126.953
178.177
82.5136
252.372
176.164
175.562
188.232
182.738
197.845
325.734
160.448
476.517
412.722
448.577
69.2803
328.395
129.313
303.178
242.864
190.512
288.706
287.014
520.262
214.063
314.306
333.742
434.405
378.626
220.777
239.076
99.9006
302.438
245.116
466.781
355.195
177.495
255.479
239.458
330.498
321.182
141.508
503.596
111.164
241.777
316.055
305.793
326.872
234.823
158.168
296.226
126.249
119.169
245.14
268.188
333.181
269.306
417.158
218.694
346.036
227.11
171.552
331.098
376.607
438.12
185.885
201.029
102.428
138.798
172.688
107.237
267.788
197.495
267.272
114.596
270.68
298.32
220.395
323.076
260.408
124.724
322.055
159.582
170.609
294.067
368.401
214.7
429.972
97.2588
84.675
318.417
309.7
297.605
368.483
399.085
292.971
149.359
259.918
187.878
362.858
529.704
173.954
277.114
107.408
192.248
216.235
545.282
339.713
289.206
223.355
119.277
246.783
203.59
235.835
226.813
116.161
128.304
150.411
164.09
285.261
252.212
151.38
379.629
298.316
111.681
204.965
118.54
318.114
383.822
287.265
182.55
357.301
350.68
305.264
137.208
396.309
104.933
217.081
55.5376
398.521
104.825
243.974
436.413
45.6315
378.717
214.848
258.117
344.57
224.004
224.354
180.094
290.82
211.895
80.1419
399.885
133.197
167.438
141.666
172.096
98.1152
293.255
244.978
214.442
162.108
290.565
299.575
235.284
115.609
303.151
272.675
156.71
145.753
151.304
280.679
223.259
261.678
105.279
98.8809
530.006
306.957
288.868
406.816
131.906
289.521
40.2005
302.987
492.834
220.314
238.528
130.146
299.842
39.7368
241.587
101.286
285.447
445.727
220.972
344.534
110.826
159.118
339.531
226.821
286.585
138.998
261.473
328.349
459.551
197.646
235.256
93.7847
133.232
204.592
464.255
285.445
111.148
291.591
508.618
443.539
251.819
238.247
234.871
479.206
223.742
361.12
246.835
392.684
239.528
224.393
204.094
214.738
181.55
197.291
263.799
215.841
273.375
156.176
175.736
275.637
162.726
238.888
265.27
214.317
289.172
183.431
116.494
268.245
316.727
237.58
145.032
242.388
546.094
213.086
119.846
323.564
307.926
71.3124
408.922
112.18
253.909
138.814
256.372
272.574
387.025
221.687
370.669
287.31
299.688
212.468
227.952
268.416
153.963
178.652
225.595
274.714
125.463
330.93
237.592
250.305
154.912
260.996
456.841
195.019
349.51
91.6599
143.007
139.806
298.424
305.244
252.11
269.385
324.688
468.381
209.596
140.422
357.257
560.388
205.212
214.861
244.533
223.391
156.814
262.089
135.662
118.348
179.32
137.686
266.44
141.361
406.995
213.928
248.752
417.154
230.505
233.672
190.328
121.085
132.086
275.084
291.397
119.912
155.35
146.646
170.106
137.693
226.217
172.248
94.9628
222.979
212.89
188.695
179.627
179.466
138.09
204.346
202.249
419.722
195.298
339.791
315.971
302.032
243.76
372.401
345.146
316.957
244.708
74.2027
443.419
279.486
414.172
255.444
141.775
196.236
482.031
274.679
106.547
294.54
75.2317
411.019
309.91
172.951
150.335
406.652
179.48
184.382
130.512
268.179
475.749
92.1979
319.055
293.862
523.126
110.754
392.546
236.558
134.453
272.245
121.553
368.666
277.445
211.298
258.978
275.458
283.772
219.267
412.168
204.744
295.808
366.88
162.93
207.951
427.773
199.085
279.933
305.08
360.059
343.429
386.284
497.717
82.5058
285.981
265.046
144.721
221.044
233.457
220.404
363.865
208.19
111.131
383.363
303.617
174.09
536.772
166.724
389.471
382.083
275.134
123.761
328.158
249.432
456.668
354.277
228.259
238.077
135.964
320.773
104.518
396.426
180.453
329.898
229.675
391.243
95.8346
124.654
163.98
320.866
220.073
175.527
335.959
256.654
124.752
151.074
476.165
242.473
213.944
341.093
147.344
180.86
205.282
381.644
121.696
161.318
151.1
198.228
157.801
313.718
525.012
308.336
330.012
293.484
254.538
402.545
318.44
160.673
186.647
98.3936
347.993
241.079
249.512
228.102
215.639
91.2316
282.235
290.58
247.42
225.629
76.1158
153.008
321.166
161.605
188.391
489.218
229.573
308.834
276.13
242.634
187.462
335.962
224.297
103.778
349.923
132.435
394.624
192.126
275.193
388.597
123.022
